Creating message of size 900
...Complete!
6267
6321
6273
6245
8693
11448
14272
14105
17083
13448
19817
17066
22385
19559
18428
25162
22064
27945
24801
30702
27548
3005
30322
33512
36287
4003
39101
6997
41826
20940
9993
44538
23065
12987
46795
29777
29771
49308
32805
3003
50445
53456
38997
56246
41986
58989
44981
50971
53966
56962
75102
59956
3004
3004
5998
2998
5987
3004
8992
5998
12003
14985
3003
23982
2951
3003
5983
8925
2954
2999
5910
5982
8972
8988
11889
11993
8998
14934
15003
11993
17939
15003
20957
3003
23977
20988
26904
29962
2973
2998
32949
5998
5993
35982
8988
9004
38894
9994
11994
41924
14983
44992
62152
17978
47899
21004
50919
1037
53945
2999
4820
56916
5978
59969
8567
8974
62931
21217
65988
68998
3003
72004
3004
74886
5998
8988
3006
5975
3002
8993
2971
5996
11982
5986
8986
14987
9001
17997
11943
11947
14914
15018
3002
17968
2990
5989
20898
5996
23867
8999
10071
9003
26884
12983
29935
3003
32917
2997
5997
35889
6002
8991
38972
8961
11986
41879
11967
14980
44874
85017
14972
47984
17989
50954
150041
20984
2991
53930
142990
23978
6003
56907
145965
8997
59901
148995
11985
62957
151966
14979
65863
154975
2997
17967
68830
157957
20973
71841
161001
2997
23859
74852
163993
6003
26855
77835
167017
29752
80858
170013
32953
83825
172955
2929
35963
86847
175950
5919
38840
178982
8980
41948
3003
182024
11924
44958
185011
14909
47830
3015
17892
50781
5968
38029
20934
53900
8973
145009
23914
56776
29026
12006
26945
59817
15003
151011
29951
62835
17997
15011
32985
65895
20962
18010
35897
68870
23990
21021
38991
71756
24028
42003
74771
27011
44956
77845
47997
80880
32979
50903
83865
26997
53975
86767
29992
56940
89910
32979
59963
34010
92873
36987
62971
95944
19996
98936
23006
101915
25998
4025
104804
607
641
642
690
8949
107886
3480
11926
110933
6959
14931
113815
9917
116891
12894
20971
119792
15842
23991
122851
18973
26965
125928
21955
29986
128906
24940
32976
131762
27695
35954
134828
30485
38996
137797
2993
33501
41980
140789
36581
143808
3005
39540
47937
146921
6000
42529
50944
149745
8994
45544
53961
11988
48701
51964
2992
54552
5997
57850
9003
60948
11987
63586
66745
69506
72496
75888
3003
78909
81734
84858
87897
90751
93590
96837
99905
102690
2977
105534
5997
108951
8988
111757
3003
11965
114597
5997
14971
117561
17954
120741
20960
123682
23941
126523
26948
129514
3002
29936
132857
32930
135491
35925
138732
38915
141868
41920
144556
44910
147872
47913
150638
50894
153572
5996
53884
156918
9003
157709
56889
160879
59899
163928
62874
166972
65862
169625
68877
2999
172780
71867
6006
175807
74847
3003
77854
80853
184675
83828
86815
3006
160992
89822
163997
92837
167007
95812
98290
98832
101031
2918
104018
2970
104868
5938
7001
5945
8902
9997
8902
11982
12966
11905
113810
14948
16010
15987
14922
17892
19026
17981
20928
75013
20865
23933
23992
26913
146027
26955
29992
138026
29848
32997
70021
32891
35959
33922
67026
36974
38910
43026
41895
39914
215024
44920
42988
218018
45868
47968
48932
51964
53889
54858
56877
57948
59863
36003
60925
62868
21003
65870
63883
68880
66877
2020
3003
69886
73003
75898
3001
78999
5998
81964
84857
87941
3004
7027
5999
4026
2997
6003
8986
10006
11976
14992
17999
3003
-994004
-991014
-987997
-985002
8026
4025
2253
3004
208
222
236
251
2602
14385
3004
17431
20423
18032
3003
5027
5083
2993
3004
5997
38377
2028
2997
14954
17983
2996
20974
6003
30005
2979
2991
5996
5985
3008
8951
9006
3003
11930
11959
14963
17967
3003
2997
20996
6008
23980
8992
27014
29949
32945
3003
35938
38934
3003
42028
69004
3003
71971
5999
74958
8994
77987
110608
195
190
204
2747
24003
6009
11597
3008
3002
12004
2998
6003
6004
3005
2998
6003
8986
11959
14954
17964
20947
33004
3002
3001
23992
5997
26982
45002
29938
32970
35977
38945
3003
51002
2978
2986
5992
6009
8995
3005
8959
11981
11937
15003
14897
17970
20957
23952
20997
26948
29941
32931
2980
35924
5974
38929
8969
41902
44914
11990
14992
47897
50877
12002
18008
53890
20968
60001
56907
59883
3005
3003
3005
35983
12006
5994
6004
10003
2002
63005
1999
30004
2998
66003
6005
8991
57005
11003
3003
13998
3004
5989
8998
1004
2988
3005
6009
5505
14998
3002
18005
3003
2005
2986
5980
3004
7063
7262
9975
384
2972
5983
8991
11966
1027
1005
3008
3998
2991
6005
3002
8998
3004
3002
2999
5985
6005
3003
8975
11997
11984
14967
14996
17990
3003
20964
23959
26951
3003
3001
29956
5996
5998
38942
15003
12004
15003
2992
5982
8987
11997
15003
2990
5996
9004
5996
9003
1015
2997
7026
5997
9003
12005
4018
7026
5027
3007
5997
1994
2982
8990
4987
5959
8000
8947
14995
10977
14009
3003
21003
17022
20014
23027
12005
26997
3010
12003
3006
14998
29992
32986
36003
60003
54003
-963997
3003
3003
2997
6003
3003
5995
3003
5996
8991
17996
21003
3003
26985
3003
3004
3002
5996
8989
12004
3003
6004
2997
3001
6006
6009
2997
3005
5991
3009
18004
6003
3003
3001
3006
3003
3009
5997
3003
9001
18001
6012
9004
6003
3003
12025
9004
3003
20999
3003
26993
6004
3009
27004
35986
3005
9003
36003
33003
24003
3000
3005
3003
3003
12004
6003
3003
6003
3003
3003
6008
3001
8987
3033
3003
11992
3009
5997
8985
2999
18981
11981
5995
14992
8987
2026
2997
3004
5998
5026
3003
9007
42996
5999
8993
11988
14983
2027
2993
5997
8987
5026
6003
6004
17025
35997
41990
3004
4026
3005
3003
3004
3003
3008
3003
3002
2998
3002
3003
3003
4998
21004
12004
45005
4004
3003
5997
8992
62998
11988
1027
3003
3003
3003
5004
3005
3004
3001
12003
6009
20004
3003
15003
3004
12009
8998
3003
9003
15014
5019
23998
9015
25007
6011
9010
24008
-990995
-990001
-987996
-970998
-977999
-973998
14000
15988
5004
8028
3005
3008
3003
6004
12005
3007
3009
5998
6003
5996
12003
3003
3030
5004
2996
6003
12003
11996
3004
15003
12003
35991
48003
1996
3003
5989
3003
8982
3003
3002
9004
9004
2031
3006
8997
9015
12003
12010
2997
6003
3009
11992
6006
3004
5999
8991
3003
3005
3005
3003
3003
6003
5026
2979
3005
5969
5998
8989
3005
6000
8989
11977
9028
11026
3009
3004
15004
12003
8839
5027
3003
3003
5997
9004
6004
3003
2027
5991
8984
11019
3004
2020
3003
30002
3003
6003
2023
3004
8992
11002
3004
3003
5004
3004
6004
3004
3003
9004
12003
3003
3003
24002
9005
9010
12003
6002
6003
3003
3003
3003
3004
3005
8989
5995
3007
11996
3003
5997
2026
3003
3003
3003
1005
2996
5991
3003
3003
1998
3003
6003
3003
3004
3003
1998
3003
3009
6001
3003
9010
5004
7004
27003
3004
51003
3003
5033
7996
3003
5997
13997
9003
9003
5998
9003
6003
2977
3004
21003
4006
3004
3004
3003
6006
3004
7004
3005
3004
6000
42003
6028
9003
3003
5997
3007
2987
3027
6028
3003
3001
11998
12016
5997
15023
3004
18012
3005
3003
5997
2996
38978
41984
3004
3004
3003
3003
12030
3002
3003
3004
8997
3003
3003
3003
3028
9004
2983
3003
3004
3004
7025
4004
3006
20047
3960
7001
25003
10009
12004
13999
13005
7975
10004
4004
14999
17991
4973
1002
702
4004
9006
3005
12003
24003
7437
3003
3003
10004
3004
3003
9004
6003
46004
49003
46003
3003
5997
2995
6003
3000
3003
3003
3003
2996
5004
12007
12009
6003
12003
15004
3003
20996
24003
18004
1993
2998
3003
8004
15003
-982014
1999
3004
1027
42003
42003
6003
3003
48003
2004
2996
2004
2997
3005
3001
5998
3003
5996
6005
3003
3003
3003
2005
2999
3009
15003
18003
11008
3003
3001
3003
44986
47993
53980
3006
3020
3003
6025
3003
3032
3004
3002
3006
3003
3003
2994
6006
5992
9001
3009
6002
3007
5996
3005
8994
11987
3009
9003
3003
5995
12002
3004
3004
6002
3004
9029
4025
3005
3004
4004
3004
3004
1004
3997
3004
9993
3004
3004
5997
6004
6004
3002
2997
6003
6004
2997
6003
6004
3003
6002
18005
29996
3002
41994
6027
3004
3003
6003
15003
6004
15004
12997
24003
4006
6003
17997
21003
3004
3003
-963996
3005
3003
-952004
3003
5997
6003
3003
3002
3003
6003
3003
3003
3005
6009
1006
6003
3000
2957
3003
6028
2001
3995
8004
5003
60007
9104
54004
12003
9917
2986
5995
8997
3004
11981
3003
21005
3003
15005
4004
6004
8004
5004
14004
5004
3004
2004
10997
3004
6003
15003
3003
11996
9003
3005
3003
8997
15003
3004
3003
5997
12009
6009
9009
9003
2004
8004
7997
17004
5003
5003
25003
25004
8003
4004
2004
7998
4004
3003
5004
6005
3004
4004
7008
6003
2774
8999
11991
14985
3004
10004
3003
3004
3004
3004
18004
3003
7027
3003
3003
4004
3003
5997
14992
-995996
4004
3003
5998
8989
1005
2997
5992
8987
9004
3003
3004
3004
5997
8993
3003
5997
3003
5997
8993
3003
1027
3003
3004
5995
8989
11983
14978
17973
20968
1005
2997
7004
2997
5992
9003
11987
14977
17982
20972
9004
9003
3003
3003
5996
8990
5004
3004
1026
3004
4004
3003
5997
11005
3003
18010
18004
5026
6003
9007
3003
15003
5997
2981
11997
15003
11028
6004
3003
3003
3003
3004
1005
1007
1994
3990
3001
18044
1005
2995
3002
2007
3004
3969
4002
18005
1002
2972
2980
5970
8988
2980
6003
3003
3003
2007
12003
2997
5004
5991
6026
15003
18004
6003
3004
3005
5982
5004
5991
39004
17997
38997
42003
2981
3006
2999
6003
3003
3006
6004
3004
3004
3003
3003
3013
8991
29985
33003
35996
38991
42002
3002
50998
54001
5999
3004
6004
3005
9004
3004
3005
3004
6004
3005
3004
6001
3005
9004
6005
3004
5998
3004
5005
3004
3004
15004
3004
6003
3003
12003
12003
3003
3003
3003
6003
3003
5005
3003
3002
2995
3005
3005
12015
1006
3003
3003
4005
3003
5004
998
3003
6003
3006
3005
5000
3004
5999
8992
11986
3003
5997
9003
12003
3003
5997
5003
2997
6004
8988
11982
14977
15003
3003
6003
6003
3009
6003
9003
6003
8002
6005
12004
3003
5027
5980
3004
2026
39004
3004
3004
18004
52998
2026
3003
3004
3004
3003
3004
3004
3006
9005
7001
9021
9004
11998
18004
20991
3997
6003
4007
3004
9998
1719
9001
3003
2982
5975
3004
3004
3004
3006
60004
15027
3029
3004
10005
6004
13004
10004
7004
7004
3004
7005
3004
3004
6004
3004
16004
2997
4004
3001
3004
4004
7004
3003
7003
4004
7004
-990970
4004
3004
9004
3003
10005
15005
9003
16004
18998
19004
12003
9003
6003
3003
6008
57004
111004
147004
214004
211003
181004
162004
162004
129003
108004
163003
157003
94004
84004
82005
87998
75004
206497
194004
170004
170003
170004
158003
158003
160990
163984
166979
169998
172974
173004
66720
123728
120004
64998
120004
67992
78003
68004
75003
74998
68004
77993
70999
78003
80997
5004
2004
2997
11003
3003
3003
3003
6003
3007
14584
3004
6003
3004
3003
9002
3005
6003
3003
9003
3004
3003
3003
6004
9004
3004
3003
3003
6003
3005
-966982
3003
4003
6003
8996
3005
3004
4005
4003
9005
2982
994
3007
3004
3003
3005
3003
3005
6003
5995
3004
3005
9004
3004
15003
8993
11997
14987
18003
3003
9003
12003
6003
3004
3003
6003
27010
3003
6003
39004
3003
51003
6003
439
3003
3003
3003
8997
21003
3003
21004
12004
12003
3004
3004
3004
114004
-810996
114003
116997
-822997
-820003
78003
-811008
86996
183003
94004
179004
36003
176005
187998
161004
6003
116004
3005
8998
3004
6004
3004
9003
3003
3003
5996
3003
5997
3006
3002
3001
6003
3003
5997
15004
2997
6003
3004
3003
6004
3003
9004
3004
3028
4004
4005
6047
18006
9927
6005
3004
18010
6004
9004
3002
18004
3005
6009
5004
6003
3002
6025
11006
3004
3004
6027
3005
6004
3004
5004
5004
7004
3004
6004
3003
3002
6003
12002
3004
3003
21003
25004
5007
11003
44997
48003
59989
3006
3003
3007
3003
5998
9005
3003
18004
36003
3002
39005
6001
3006
3003
3002
6003
3002
3003
6005
3003
12004
9004
3004
3004
3004
5996
27004
63003
3004
3004
3003
3010
3002
3003
3003
3005
318508
179004
181997
53000
179002
155003
273003
42004
131003
216003
210004
39006
44998
128002
183001
50995
49011
116004
120025
104029
59610
85026
36027
39004
74602
42003
7027
8996
80575
-903975
3003
3028
15026
7026
3030
3004
4026
988
3999
-992992
-989993
-984008
21004
3004
3003
1027
3997
6994
9983
3005
5991
7001
9000
3003
5997
3004
3004
1005
16004
3003
6003
18997
3003
5004
23005
6003
3004
5004
2005
3004
29004
6003
1998
3006
9003
3004
5997
43997
11995
6003
15003
41004
3003
56004
5997
3004
8998
3003
6003
5996
9008
6019
6003
11997
14992
3003
3004
6003
12003
3003
5997
3008
39004
6003
5997
18003
9003
2996
3014
6002
3003
5997
3009
3003
5997
9003
2826
5839
8832
3003
3003
3003
11998
3003
3004
5992
8997
2997
12008
6003
2997
5991
8986
3003
12003
5997
3003
6003
3004
5997
3003
5997
3003
3003
3002
3003
5997
3003
3003
5997
3003
3003
3003
2996
3005
9013
13068
17046
17981
31952
7980
5978
9976
10969
3006
3004
5996
3005
9003
6003
6004
3003
5997
8992
3003
3003
3003
3003
3004
18003
24003
3003
3003
3004
5996
3003
3003
2997
6003
3004
9003
3003
12003
3003
6025
6027
3003
2982
3003
3003
3003
5997
3004
3003
39004
3003
3003
6004
3003
15003
1029
4029
17003
5005
5004
5999
3003
6003
3003
2997
6003
-979996
9003
6004
1997
3004
3004
12003
2996
6003
3004
2996
15002
6005
3002
3004
3003
5998
3003
2996
3005
5992
8987
11979
14975
17970
20962
23952
26957
40982
6983
964
6952
3986
1377
2987
7359
3003
3003
3004
452
6000
8994
3003
11825
3003
14995
18002
6027
9004
12003
14989
21002
26997
15003
3003
5997
8992
11987
14982
17977
20972
23966
26961
29956
6003
3002
5996
3003
3003
3006
3004
5998
11997
3004
4004
21004
3005
3000
6003
3004
6003
6004
9003
3004
20005
9004
11002
-939996
3003
3004
3004
3004
3004
17004
21003
3005
3003
3004
15005
3030
4004
3003
3004
6004
10004
9004
6004
9004
9003
3004
6003
3004
3004
15004
12004
3004
9003
3004
6002
3003
5996
3005
3003
8996
6003
12055
3986
979
985
3973
6967
6004
9963
12957
15953
18947
21941
24937
15985
18976
3962
36931
39925
42920
48915
60972
45970
21978
1007
36953
4003
1508
3003
24983
3005
850
3709
3012
5993
8987
2445
3004
18004
2280
3004
3003
-246207
1937
2967
4944
5939
7961
10951
3001
13929
5994
16923
8989
19919
11983
22976
14978
25971
17973
28981
20967
31986
23962
34992
26957
38003
29953
32947
35942
38937
41932
44927
47920
50915
53910
56905
59899
62896
65889
68884
71879
74874
77869
80864
83859
86854
89846
92841
95835
98830
101825
104820
107832
110821
6003
9003
11991
14986
15008
15003
6009
3012
3019
5997
6008
8992
12003
9009
11997
6003
1974
3003
5997
8992
22052
27018
31016
35008
3976
14974
6006
8996
12944
13970
16963
19978
18971
21979
15970
962
3967
1977
4985
7969
10954
13959
16970
19944
2999
27951
6003
25949
12001
33956
31938
3007
39981
42947
40935
3003
48942
51937
3003
49928
60948
55924
66942
6003
66931
64918
75955
3003
78930
73914
84937
6003
87965
87927
3003
18004
447721
6004
3004
3004
3004
3004
2996
6003
6027
3003
5996
11967
3003
9004
6004
4000
3004
5998
8997
3003
3004
3003
6004
20993
15007
3001
30006
6003
3003
15003
15003
12003
1008
6001
9006
18005
3002
12006
3004
15004
12004
15004
6004
2996
3003
18004
3003
3004
3003
12003
6003
17995
24002
33004
2029
6004
6004
3003
6004
11004
3004
9004
4004
6998
5981
7965
8943
11979
14989
17990
20959
23949
26954
29970
35995
42003
39003
12009
12003
6009
3003
3004
3003
9005
995
1008
7971
9996
13975
12004
2980
2980
3003
3004
3004
3002
3004
3030
3004
3027
6004
3003
3004
6003
3003
3003
6005
4003
1004
6996
4004
1004
12995
4003
2004
4997
7992
14003
16985
26004
3005
6004
5004
2951
3004
9004
7004
8004
3004
15004
12003
3004
3004
3004
3004
15004
8997
6003
15003
3004
3003
6004
3003
15003
24003
12004
3002
20998
9003
66004
3003
3003
6003
3002
30991
44981
90003
16033
22980
24011
6009
9004
2942
3006
5998
8991
11985
14976
3004
3008
5984
3004
11977
3004
9004
3004
3003
3004
6004
2981
3004
3004
3004
8998
6006
3005
21004
6003
21004
6004
6004
5982
2983
3003
6004
6004
12004
3004
3004
3025
6004
3005
3005
3004
8999
14999
3004
6003
5004
5004
5004
5004
2004
2004
7997
13997
3005
3009
3003
3003
3004
6003
6003
3004
3003
5004
3003
3003
3003
3003
3004
23004
6003
12003
3004
3004
3003
18003
3984
3984
6977
18984
3006
2974
5977
8968
11983
14992
18002
4026
2998
6003
8998
12003
9003
12003
6025
988
3003
5997
8992
3004
6003
3003
3004
5997
8991
3003
3003
15003
10004
3004
6003
3003
3003
3003
3003
3003
3003
2004
7998
3003
6003
3003
3003
3003
3003
3003
3003
3003
3003
5995
3004
3003
15003
3003
3003
3003
3003
6003
6003
3003
9003
6003
9003
6003
11004
3003
6003
5026
3003
9003
5004
12003
8005
3003
3003
3003
8004
3004
18004
6003
27004
3004
3004
11003
6005
3003
6003
5004
3003
6009
6003
3004
12009
1005
4025
21006
4005
11002
4006
6004
6003
1029
3004
5997
8992
11987
1005
2998
4003
4003
12003
9004
4004
3025
18003
9004
3003
11003
4004
6003
13004
18004
4004
4004
6006
4004
6998
6004
3004
5996
3004
5996
12025
6002
12004
9003
3003
9003
3004
6004
28004
3005
6010
6026
1006
3004
19004
15004
15010
30004
27010
1007
24070
25972
15994
5007
60005
28974
7002
12004
3006
4004
3001
6006
6004
4004
9003
3025
3003
15005
3003
6004
3003
18004
6003
3004
6025
2982
3006
3004
2973
3007
6000
3027
8991
11980
2982
14987
5996
3003
8969
3006
18004
6003
9004
3003
3003
12004
9003
3003
3003
3003
3003
5997
3004
2997
6003
12003
3003
6003
12004
-421142
3003
6003
3003
3003
3009
3003
2982
3004
3024
5979
3004
5999
8991
2982
3004
6003
2984
9004
9004
15003
9028
3004
3005
3004
10007
6004
2980
2982
3004
8982
3004
2983
3026
6004
18004
3003
6004
6004
3004
6004
6004
3004
3004
6004
3004
6004
6003
9004
6003
6004
6003
3003
5010
1007
7972
7002
2011
13978
3001
12974
10005
9008
4013
3998
6957
5998
4004
1006
4009
3004
15006
9004
12003
3003
6003
2996
6003
2997
6003
12004
3004
9003
1004
7004
9997
9004
1004
18997
1004
9004
4004
9998
4004
6004
17982
16004
6004
6004
4004
2980
13004
3004
16004
1005
6997
22004
19004
4004
4004
-980996
-983996
3004
28004
6003
8996
11990
6006
15003
3004
3004
6004
3004
9004
9004
3027
15004
3004
3003
5004
5005
5004
2004
3003
7998
8004
5004
3005
6004
14999
3004
6004
3004
8004
11982
9004
2980
6003
9004
6004
18003
8982
18003
4010
3003
3004
5997
8992
20972
11988
6005
6004
2002
14002
11003
2000
18007
6005
42003
3004
3003
3003
3003
3003
6003
3003
3003
3003
6003
3004
9004
3003
6003
3003
3003
3003
3004
5997
4005
3003
3003
3003
3003
4004
15004
10005
6003
6003
6004
12003
3002
6003
6004
9001
6004
22005
10004
3003
3002
3003
3003
10003
8003
6003
18004
6004
6004
6003
3004
6003
15004
3004
6003
9003
12003
12010
3008
3006
3005
5999
54988
32999
57007
6006
57001
23998
36003
21003
3004
3004
27004
3004
9003
3003
6011
12004
3004
33003
6004
-987996
-979000
39004
15004
3004
3004
3004
3005
6004
6005
3003
12004
6003
15004
9004
3006
18004
15003
9003
6003
15002
3004
8996
6006
6003
3002
3003
3003
15004
3004
15003
2992
6004
8994
2980
30004
18004
14998
3004
15004
39003
3004
5984
3005
3024
3004
15004
9003
6004
3003
3005
3003
3003
5004
5005
12004
9005
3003
8998
3003
8996
15004
5005
2026
18003
5004
3004
6003
3004
7005
9010
13003
25004
21986
14732
17003
4006
8984
4005
3004
4005
7004
4003
4003
7003
4003
4004
4004
4005
1004
21005
6998
2981
13004
9004
15004
3003
3004
12004
15003
7008
3003
11821
3004
5997
8991
11985
14980
12004
3003
3003
3003
12004
3004
6004
3003
3004
6003
12003
6004
12004
30004
6004
6004
3004
15004
21005
3005
6003
21005
3005
18004
3004
3004
12004
12003
9003
6005
6004
3009
3009
3003
15003
21003
9003
3004
6003
3004
5996
3003
9003
6003
6001
4005
5006
21005
4005
31002
961
2003
7996
22997
32003
22002
13000
19004
16868
53005
33003
2981
2982
3004
3004
12004
12004
11999
6005
6004
9004
12004
18004
354004
24005
6007
3004
15005
3004
3003
3004
3003
3002
3004
6004
12004
5982
11982
3004
6004
-993996
3004
6004
15004
3004
5999
8992
4003
7004
4004
4004
4004
4004
4004
4003
19002
13000
5001
999
3990
9986
20002
7009
7001
4008
2001
6005
2002
3000
10004
12998
18999
12004
15004
18003
3004
3003
6003
12005
3003
6025
3004
6003
2982
6003
3004
3004
2978
2982
5999
2979
3003
2981
3004
6004
3004
9004
3004
5996
8990
11984
14979
18004
3003
6004
-467996
27004
12003
9004
9004
6004
8981
3004
3002
3005
3004
6003
6004
3002
3003
3003
3000
3003
6026
3029
6003
3002
3004
2983
2983
2983
9004
3004
9004
3004
9004
3004
2981
2983
5982
2983
3005
-978997
3004
12004
3004
6004
6004
3005
15008
9009
17007
11006
6002
19992
26002
21005
7004
12004
6004
3004
6003
12003
12004
3005
4004
4004
9003
3003
7004
9004
6004
3004
6004
3002
21005
3004
21004
5982
9004
8004
8980
6025
12004
8982
6004
3000
9003
6004
2981
2982
2979
2981
3003
3003
2983
9003
6004
12163
6003
6003
17004
8004
-376224
5004
2984
5977
8988
12003
15003
3002
3004
3003
3003
3003
6003
3003
3004
6003
9003
6003
12004
15004
15004
6003
6004
6004
2981
3004
3004
4009
16009
15014
1008
1006
3976
6985
10003
6985
4009
9982
6006
2002
2005
7056
2967
2007
13012
7001
10628
-975996
6003
6003
6003
6004
3004
8004
2005
7992
26004
12004
6004
3004
3005
6003
2983
6003
2980
24004
3004
24004
27003
15003
3004
6000
8990
644000
2984
5998
2983
5999
21004
7009
25004
12004
3004
13004
22004
4004
3004
22004
4004
28004
3004
9003
3004
16004
9003
12004
3004
3004
6005
38041
7001
6001
11001
10006
2054
4009
15001
25006
17004
18004
11004
56001
8004
20004
8004
9005
6008
12003
6004
6004
6004
9006
3004
-996996
-987996
3004
14982
17987
18004
3004
6004
3004
2999
3004
2981
9004
8982
12004
-642996
3004
3004
3004
10004
14982
10002
3004
4002
3005
2980
5996
2982
2983
2978
10005
3004
3004
3002
7005
8976
4004
7004
10004
4004
4004
3028
6026
6004
5982
5981
3004
3004
3004
3004
1033
6003
3004
2991
5996
9003
3010
12003
5003
8003
8989
12003
5004
5004
30003
2981
20002
5976
14003
8007
8009
6006
5000
1007
5007
9006
8004
8002
4003
8005
1789
2996
361
1130
14425
6005
12025
9004
21004
12003
14979
8982
2981
3004
3004
6004
18004
3004
18004
3004
15004
21030
6003
34005
25004
34004
19004
6004
13004
10004
3004
7004
10004
-229995
13003
4004
2997
6004
3003
12004
21004
3003
6004
9003
9003
9003
24004
9004
9004
6003
9003
37019
26993
27984
12004
3005
2003
33005
26000
30013
22007
12003
-972879
-987996
4004
6004
10004
4027
7005
4005
10004
4004
4004
4004
7004
10004
10004
1005
15003
6998
4003
7004
4004
15005
3004
3003
6003
6004
12004
9003
7004
3004
3004
2982
3004
10004
7004
2979
4004
5995
8985
11984
10004
14976
2983
16004
6004
7004
15004
5004
5005
7998
11005
3004
34274
14004
9003
27003
3024
57003
2980
3003
3004
18011
5003
9006
5004
7999
13004
9009
3773
5998
40399
18003
3002
6004
6005
3005
15004
9003
6004
18004
3005
7008
3003
11998
9003
3004
3003
3004
3004
3004
5995
3006
3004
18003
6004
42004
39004
33004
18005
12004
3004
3004
33004
21004
39002
27004
3004
-443996
33004
24004
27004
15004
15005
3004
12002
3004
3002
6003
3004
12004
3003
8983
2980
2982
2981
3004
3003
3004
2983
5982
2983
2987
5996
8991
26996
28073
16906
22913
15985
3007
5364
3003
3004
5997
43003
8988
11982
3003
8004
3003
6004
4996
8004
23004
5004
11004
14003
8004
5004
5004
14004
5004
5004
14003
9004
3004
3003
3004
3003
3004
9003
3003
6003
12004
6003
6003
15004
-388995
3004
9004
3004
3003
3003
4005
6003
15004
3003
6003
3003
6003
3003
5996
3003
3003
3004
5996
6002
3003
3003
3003
12003
6003
9003
12003
12003
3004
6003
15004
18004
6003
22990
6006
6006
3006
12031
6008
-989997
-996994
-994004
6004
15004
15004
6004
6004
12003
6004
9004
18004
3003
3004
3003
3003
6003
6004
12003
12004
3004
12005
3004
8975
24004
27004
3004
5990
8997
14984
48003
49004
19003
10004
4004
4004
4004
10003
40004
36004
14982
21003
6004
3004
18004
9003
3005
6006
3003
6002
23999
18004
3003
15004
2980
12004
6004
9974
18003
6005
12005
18004
6003
21004
3003
3004
7004
9003
3009
3003
9003
12005
15004
18004
12004
9004
3004
3004
18003
3004
3004
6004
6003
3004
11996
2980
3004
3004
3003
2983
2981
3004
3005
5981
6004
3004
3004
9004
21004
3004
-489995
6004
3004
3004
9004
6004
9004
12004
2981
5998
3005
6004
8977
2981
3004
3004
3004
3004
6024
15004
3004
9004
5982
4014
9001
6003
18004
24004
26046
10966
15988
5004
13587
12001
22512
24005
8004
14004
5004
5004
11004
11004
20004
11003
14004
11004
5004
9004
12004
3004
16006
3004
15005
3004
8999
19004
2982
3004
11982
5976
8981
3026
5983
6004
15005
6004
3004
3026
3026
3004
3004
3004
21004
12004
24004
-81446
9004
32004
8003
47003
29005
3004
3003
3004
26004
3004
3005
20004
9004
14005
3004
2983
3005
5974
3004
41004
29011
2967
38951
29986
15985
21978
27972
9955
39980
15047
12003
10004
4004
13004
7004
7005
5004
3004
9004
3003
15004
3004
9004
6004
3004
12005
30004
12027
5982
2981
6004
9004
617005
9004
27002
3007
3004
6004
6004
22004
4003
4003
7004
6004
3004
3004
3003
3004
9003
3004
3003
9004
18005
6004
3004
9004
3002
2980
9004
3004
6004
15004
3004
6004
3005
3963
30979
6967
19031
30005
6005
3002
18004
9004
9003
9004
3002
18003
4004
4004
1006
-996003
-987014
-984020
-981009
10004
10004
10005
7004
10004
7004
7004
3006
7004
9004
4004
16004
4004
24005
9004
14979
-430190
18004
18004
21004
18003
24037
17977
15003
9004
6003
2981
5973
9004
2982
5973
2982
5997
8990
12004
3004
3025
9028
13003
3004
6004
9004
9027
6002
3003
3004
3004
5971
3004
6004
6004
11008
37007
100001
56006
88005
67004
67829
3004
88309
66001
39003
6008
24017
24003
15004
24004
9004
9004
3004
12004
12004
3003
18004
13004
3004
11004
5004
8004
15004
-993161
9007
15004
3004
3003
15003
9000
3004
9004
3004
9004
18004
3004
9003
3003
15004
12005
3004
6004
9004
3009
6008
9009
25382
14003
5004
6156
3004
6003
9004
24004
21003
6004
6003
21006
3003
3003
3003
3003
6003
6003
18004
21003
3002
3003
5997
8994
12003
3003
9003
6003
15004
12004
12004
12004
15004
9004
6003
3004
5996
9003
3004
3003
3002
3002
3003
6003
6003
76888
18003
6003
3003
5996
3003
9003
3004
21977
27971
4970
9975
29975
2966
17957
25981
27980
9004
24005
15004
12004
9003
9004
9004
3004
3004
20005
2976
14980
3004
3004
15004
26994
30003
27003
30004
9004
6004
27004
6004
9004
3004
3004
3004
4004
9004
3003
3003
8997
-957996
9002
3004
6003
3006
3004
9006
3004
14997
3003
18003
9003
12004
3004
5997
6003
12003
9004
3003
5976
6004
6003
8007
18004
6005
11997
6004
3005
6003
3004
16004
6005
3004
9004
3004
9004
15004
6004
18003
12004
9004
6004
12004
12003
3004
15004
2981
19005
3004
3028
3004
368999
6004
9004
17982
3004
988
2982
5998
18004
2982
5999
8997
11988
1002
6986
4000
5001
4004
1007
5002
6999
16000
4000
7003
19000
1012
1005
3005
3004
2002
13002
5002
1006
17004
2002
5993
19751
24002
10004
13004
7004
7003
10004
7004
23004
6005
12003
12004
12004
11981
3003
9004
56003
29004
3004
29004
8004
6003
5004
23004
8004
29004
17004
30004
472000
11003
3004
6000
8991
11989
14959
17975
20966
23962
2959
20962
21969
15990
14965
1001
2974
3984
6978
999
1993
3003
3987
2994
4005
6988
3000
15969
5005
9020
30003
3004
3004
3003
3003
3003
3004
3004
6003
6003
11999
18003
12003
24002
3003
45002
3002
6005
12002
3003
27003
24004
12003
9003
6003
3003
3003
3003
3003
3003
3002
3006
15003
15054
4001
3984
2976
9977
27971
969
3953
1984
4975
987
18949
9977
22970
43978
13968
14028
2973
3004
15010
21004
17004
3004
2999
11992
3004
18004
3004
3004
3004
24003
12004
3003
15004
3004
9004
2976
2972
5965
9003
11984
17995
20990
6003
12004
15004
9004
20983
9004
3027
30004
18029
30013
12005
12006
2385
4984
7978
18001
10975
13968
16964
18168
1452
5006
3004
2997
6004
8991
14984
3004
9998
36991
31004
4004
28004
10004
12011
3003
3003
5996
3003
6003
6003
24004
6003
9004
15004
9004
3003
9005
12003
15004
12004
42005
15004
9002
12002
6003
9003
9003
15005
9003
3003
18002
3004
9003
9004
636000
3006
-993996
3004
2999
3004
3005
3005
3004
5999
15001
15005
14992
12005
12004
6004
56993
3005
45004
6005
3004
33004
3004
3004
6003
3004
12004
15004
3003
12003
9004
6004
12003
6003
15004
9004
12003
16004
258006
13004
43013
832
10003
5004
20000
3004
3005
38004
6004
6005
3005
3004
8999
17999
54005
3004
48004
3004
21004
3004
3005
7011
3007
4999
3003
9005
18004
3005
3003
15027
3004
9004
13008
12004
31839
-476984
9009
33009
3005
6014
12013
6004
9004
3027
9004
3004
6004
6004
3004
6003
6003
3005
3003
4005
15006
3004
8998
1004
2997
4004
15004
12004
3003
21004
3003
12003
12003
4005
9004
6004
27004
7004
31008
19007
15830
24003
12004
3004
6004
3004
3004
3004
15006
6004
3005
9004
15004
4004
21005
291005
82004
72970
3005
9004
60985
3003
5997
8991
63088
3004
12004
33004
3003
4002
6000
3006
8998
15003
3004
15005
3005
12004
3004
15003
3004
6004
15004
3004
11004
3029
9004
6003
6005
12005
3004
3004
3004
6004
21004
9004
9004
168999
61044
35988
39968
51004
36003
3006
19005
19005
19004
19004
16004
10004
4004
4004
13004
10004
2983
4004
4000
4004
7004
4004
7004
7004
17004
5003
5004
5003
5004
5004
8004
8004
11004
8004
14004
8004
5004
12003
49038
12005
3005
5989
8958
11975
14947
17967
20960
23931
26947
29940
32933
35905
3004
18004
15004
2004
2004
10998
5004
53004
3005
6004
28997
5004
34983
57003
21003
38003
45003
52992
41003
53004
23003
44004
38004
27004
38004
32004
39005
1999
51003
42004
12006
5004
24004
52992
72004
15005
29004
12003
12003
42004
21004
3004
14996
9003
3004
8997
9003
9010
18006
8996
27012
18007
13000
9006
15013
24006
3006
9005
3004
3003
21006
-988000
-978996
-973002
-976006
3003
3003
3004
3003
3004
5997
21003
42004
21003
3004
3003
5997
3003
5997
3004
8997
3003
6003
6004
6003
6004
9003
21003
15004
12004
9003
9003
6003
3003
3003
15003
3005
3003
6003
3003
642828
8970
11974
11997
17988
18003
23995
26982
30003
23004
24003
47055
51005
6009
24003
9003
12002
12003
6010
6003
3026
3003
5996
8969
2982
3004
9002
6003
15004
3004
5998
3026
3004
3004
2978
2983
2982
6004
18005
6004
15003
9004
2996
6003
8991
6004
6004
18004
3004
3003
6003
12003
3004
9003
3003
3003
3003
3002
21004
12004
39004
3004
5997
3003
64004
3004
-972996
12005
24004
12004
24004
3004
5996
3003
5998
15004
15003
15003
15004
21004
3004
3004
5997
3003
9003
24004
3003
6003
3003
3004
5995
18005
3003
6004
3004
5995
9003
6003
8990
11996
9003
3004
3009
3009
6003
3003
9003
6004
9003
3003
3009
9003
9004
24003
5997
9003
3004
21004
18004
12003
3003
18004
6003
9003
18004
12003
9004
3005
21004
9004
9004
24004
3003
3004
3003
9003
9003
19983
79005
12004
21004
15004
3005
39003
18003
35990
38997
3004
3003
3004
3003
12004
18004
9004
9004
6003
3003
9004
6004
3004
3004
9004
15004
3004
18006
6004
7004
13004
13004
22004
13004
10004
7004
7004
7004
2990
6004
3004
4004
6032
26981
3003
9004
16004
10004
13004
19004
17016
3003
6007
15007
12004
12005
3004
11973
3002
9004
3002
9004
29981
18004
3006
6004
42006
69004
39003
39004
48004
78004
105002
105002
74003
38005
20004
47004
35004
47004
35004
23003
37996
3005
3003
26004
3004
2976
18004
3027
9025
3004
2982
2981
2982
2981
5983
2981
10004
24003
7004
18032
25004
19004
18004
19003
18003
31986
12976
34980
17977
16014
12981
21009
24003
9003
6004
12996
16003
9010
3009
3003
24004
4992
2004
2004
2004
2004
16997
16997
10997
25997
5003
5004
17003
14003
5004
14004
14003
8003
8004
8004
5003
14003
20004
5004
8004
7004
6005
-109996
6003
18004
3004
9003
12004
6004
-993996
-975990
9998
32009
37001
3005
44003
29006
13050
15999
7005
2847
20011
17950
14005
9004
9004
11004
18004
7004
13004
13004
4003
10005
7005
10004
13004
1004
12996
22004
16003
12004
12004
12003
6004
24951
3959
1999
4989
966
6956
28977
31984
31987
66990
22003
49000
33985
13002
23006
12003
-521103
57005
56004
14004
28004
16003
4004
43004
19003
4004
4004
28004
28003
4004
4004
10004
7004
7003
13003
22003
19003
19004
-995996
-956997
13004
4004
4003
4004
7004
15004
-129150
17004
12004
23023
45989
2968
3003
15047
24011
9004
8005
6006
3004
6004
2004
19992
2005
8003
7998
5004
2004
10996
8004
5004
17003
11004
8004
26004
29004
6004
8004
5004
11004
14004
11004
14004
14004
29003
17004
24004
26004
20004
26004
11004
-988995
3004
3006
3005
18004
24004
6004
3004
5996
8990
3005
5998
3004
15004
10004
15004
6005
3004
3004
3004
12004
3006
6004
14004
-988996
23004
8004
17004
3004
6021
17004
8004
15004
8004
5003
5003
2980
11004
3004
17004
5004
3004
17973
9004
11996
12004
-11996
18003
9004
12026
111013
36003
6004
9003
3004
8989
11983
17978
29973
32968
35996
14005
5004
17004
38002
11003
51004
15003
4004
8981
4004
15004
4004
4003
4004
13004
3005
7004
12003
4004
16004
16004
13003
16004
7003
16004
16004
19004
6004
3004
11997
4004
24004
13004
2982
5982
15004
25004
7004
7004
42004
48062
6004
16000
16995
23003
43001
17004
14004
11004
14004
5004
7997
14004
6008
12004
9004
15004
12004
9004
6003
3006
3005
3004
9001
14995
3004
5999
21000
18004
18003
39002
23993
21004
3004
3004
9004
12004
12003
3005
24004
12004
6004
3004
3004
4004
7004
4004
7004
7004
2984
3005
3004
13004
11981
24003
23981
27003
3004
12004
2981
2980
10004
11981
16007
5978
5030
27978
13979
48004
33003
6004
12003
24004
9004
15004
9004
12004
30004
30004
3004
18004
21003
3000
5988
8981
14970
14000
26975
33002
29004
26004
17004
5004
8004
8004
23004
20003
8004
6027
59004
723003
9004
70004
63005
36004
21004
3003
6010
6004
16008
15966
4978
58941
4982
46985
4965
35984
76958
70984
49376
27005
6004
2970
3003
14978
15004
3003
3004
5980
24005
3003
5997
8968
-963995
15004
15004
9003
22998
26004
24005
18003
27004
9003
18006
3004
6004
9004
6005
6003
6003
3004
6004
6004
15004
9004
15005
3004
3004
9004
3004
3003
17996
4001
-30996
9010
6008
30013
12003
18005
24004
5005
17004
17004
9004
36004
11004
13997
3004
8006
3004
11003
5004
5004
6004
5004
8003
11003
10010
4999
10004
14003
11004
5003
-991996
7004
5004
7004
14004
13004
8004
10004
14004
11004
4004
4004
5004
-15997
14004
3004
30005
21004
6004
18003
3006
9004
9005
12004
6004
30004
23991
29996
33003
32004
17004
8003
5003
5004
9004
20004
51004
68003
58004
49003
22003
55004
3004
18004
9004
33004
15004
6004
9010
14002
20003
14001
25002
24006
36009
24997
6002
24014
57007
27004
30004
15004
15004
631005
6003
15004
3004
6004
9004
12004
18004
6004
2004
4995
7989
10983
11004
16997
14004
28976
14004
17004
11004
13997
20003
5004
17004
17003
5003
8004
33004
6031
6026
23004
6010
781003
20004
14004
14002
11004
11004
8003
14000
10004
4998
8003
4003
22012
19015
43004
4005
25986
28991
17004
32004
23982
4997
6009
6004
6004
3004
6004
21004
3006
6004
14999
3004
18005
3004
3004
6006
3004
9003
9004
12004
15003
6004
16005
4004
9004
15004
15004
9003
10004
-17449
21004
2982
3003
3004
3003
5973
2996
6002
1002
4003
16042
21991
9005
9004
30013
12007
21003
9005
9004
51005
11996
21003
15005
27004
33004
3004
2977
26982
8004
2004
5004
5004
22997
23004
29000
27004
54004
-972996
45004
36004
66004
27004
51004
27003
50004
23003
17004
2980
23004
39052
11002
20001
20002
12999
5004
1001
1997
2991
8003
4001
35004
25002
16000
5001
4004
4003
20010
21010
3016
22004
40004
14008
15003
39006
12004
10004
4004
19004
16003
16004
10004
4004
4004
4004
25004
10004
4003
4004
4003
4004
7003
12003
9003
6004
6004
3004
13004
4004
10004
-992996
19004
10004
4004
13004
10004
10004
10003
4004
16004
9004
4008
14001
3005
3004
5996
30004
12004
17362
22005
-734997
14003
8004
2997
9004
3004
3006
21003
6005
21004
6003
3003
12005
3004
9005
3004
3004
15004
3004
9004
9004
12003
12003
20998
21003
18004
15004
18004
15003
33004
24004
9004
32015
1012
21998
18005
3004
860005
9026
51939
2004
2004
10995
7998
73276
70004
55004
31004
4004
46003
16004
40004
4004
25004
37005
22003
19004
16004
25004
32004
6006
321007
18010
39005
3005
39039
39975
15005
9006
-948993
-954996
4000
4001
56006
51005
35004
45011
8008
26002
99004
42004
24004
3004
19004
22004
10004
10003
-986996
3004
9004
12004
6003
12004
18004
3004
18004
12004
24002
15004
21004
12003
3004
12004
15008
15007
15008
24012
15006
27013
15005
30006
15004
24003
21004
24004
33004
3004
42003
21004
21004
27005
15004
12004
15004
12004
9004
12004
11004
20004
8003
8004
14004
5004
5003
2004
4998
5004
17004
5004
5005
14004
34991
14003
8004
11004
9004
5004
20003
17004
20004
17002
11004
-667999
14004
14004
21009
12963
12005
6004
21003
3004
3005
3004
5972
8988
11984
6004
3029
24004
15004
17004
26004
30002
20004
11004
10005
11004
14004
26004
35003
47004
35003
5004
44004
35004
51003
45004
46004
37004
31004
25004
4004
34004
13004
-965996
34003
4003
16004
43018
27012
63006
15006
9005
45012
3003
3004
3004
5973
3003
3003
2981
6004
3004
8982
2981
3004
5975
6004
2004
20003
7996
19004
13004
-989996
7004
13005
4004
16004
10004
13004
13003
13004
10004
10004
10004
7004
16004
5003
11004
20004
20004
11004
33004
20004
12009
6004
3006
3005
30011
-966989
9009
24982
53017
12009
48005
15005
3004
18004
12004
9006
3005
27004
30004
36004
47996
24004
60004
15003
23005
3004
38004
30005
11004
6004
10004
12004
9004
21005
12004
9004
6004
6004
3004
3004
9005
3004
9004
12003
6004
6004
6004
12004
9005
24005
3004
12004
13003
19004
21975
44001
-978995
15005
15003
9004
12004
9004
3004
3004
3003
15003
3003
18004
3004
15004
21004
27003
27004
12004
21004
3004
7003
16004
4003
7004
19004
22004
-977996
-974996
22004
4004
19004
25004
37004
43004
37004
31005
28004
28004
7004
9005
31016
4004
4005
34013
28015
31008
71983
39005
9010
21004
15004
24004
8948
3003
6003
6004
3004
17005
11004
5004
4003
34004
7004
10004
11977
12004
12004
3004
6005
9004
12004
12004
12004
29000
22005
22003
130872
7004
4000
36004
8000
15005
27971
39005
12004
9003
12004
3004
12004
8980
2980
3003
2980
24005
3004
40003
28003
7004
21003
6004
9004
9004
9004
6004
21003
12004
12004
3004
6003
9004
6004
9004
3004
6003
15004
6006
3004
12004
12006
15009
33014
30984
11412
24992
36006
18012
15010
9004
15004
24005
33005
18004
39005
45031
6003
3003
5981
20005
22004
23004
19004
4003
13004
7004
10003
4003
16004
13003
10003
16004
25004
19004
13004
10004
16004
7003
46004
10004
7003
13004
22004
16004
-25996
4004
37004
25004
28016
95016
98772
60005
51985
33009
-942006
18005
9004
3004
8004
20004
5004
33004
30004
24004
30004
5980
2980
13969
11004
14004
11004
11003
11004
11004
5004
11003
9004
9004
15004
12004
15005
18004
3004
5997
11991
9003
30004
12004
21004
21004
3004
6004
19005
11005
15006
10003
6003
2982
21004
9004
6004
6003
9004
30004
3004
12004
6004
9003
18004
9003
42004
42004
18003
9005
15003
3003
4003
10004
4004
4004
7004
10004
-992996
10004
13004
29004
11003
11010
17008
20010
23013
26014
8004
14012
11009
20010
5004
8004
17004
18004
16003
6003
12004
20002
11003
2004
5003
16997
20004
14004
5004
5003
5004
5003
23003
26004
17004
15004
11004
23004
15005
20010
33984
49003
43003
41004
78006
76000
77004
73947
16003
37003
137004
124001
30004
18004
15004
28005
4003
6007
3004
4004
-986997
25004
27005
42004
33003
6003
7005
7004
13004
4003
7004
13004
19003
4004
4004
13004
13004
7004
16005
10004
13004
22003
29008
9006
58002
48011
5988
23976
26978
24015
48004
9009
23004
4004
9004
3004
7006
3004
9004
-441995
3004
3004
12004
19004
14005
6004
13003
30004
13004
9004
12004
25004
-992997
12004
7004
12003
13004
10003
18004
3005
9003
3005
12004
6004
15004
21004
12004
24004
27004
13003
16002
20007
9999
4994
14053
14009
23006
26011
25003
5004
-982996
14004
12004
6003
6004
9004
51005
12004
12003
3004
6004
18004
12004
9028
9003
4005
10003
4004
4004
4004
4003
4003
13004
12004
9004
9004
6004
6006
3004
9003
3004
20004
15004
9003
9004
53002
20008
25006
47007
53008
46005
37972
15661
34926
6508
2228
11004
36005
3004
5996
3004
3005
6003
6004
15004
33005
51005
9004
15004
3004
3005
5996
13005
55004
25004
22004
22004
22004
10003
4004
16003
10004
19004
19004
19004
13004
7004
25010
13007
13009
40013
167917
31007
16005
19011
22012
31011
4005
27003
16004
9011
14004
12003
7003
29004
11004
11004
7004
7004
4004
10004
13004
16003
28004
25004
13004
10004
6003
6003
4004
18006
5980
4004
3004
3027
3004
28004
25004
40003
10004
11004
8004
3003
15004
30009
-985994
43012
31002
43012
45008
38004
10003
52998
34000
58003
37003
14004
9004
12004
6003
3005
33003
7004
7004
8004
5003
8004
10003
10004
10004
7004
13003
19004
13004
13004
4003
10004
4003
16004
4004
13005
4004
13004
16004
13004
314010
13006
13008
20012
6005
18007
27013
6007
-972986
15005
25002
15004
9004
26004
24003
24004
21004
3004
33004
12005
12004
4004
28004
25004
34004
3004
12005
12004
80011
35013
38014
13002
27004
17003
7004
7003
4004
24004
18003
19996
11004
11003
11004
20004
33004
12004
3005
3003
11004
17004
8004
14004
17004
13004
13004
7004
10004
4004
4004
16004
7004
22004
8003
3001
22000
41011
31004
28010
17009
1006
3998
6991
15986
19004
69001
31004
4004
532759
278
6004
6003
21004
9004
9004
3004
24004
24003
-996975
6003
9004
9004
3004
3004
48003
33004
12004
18006
2982
2984
2980
5973
3004
6004
10003
3004
24005
21004
3004
6003
3000
5999
3005
2980
5994
42004
30003
184019
24972
33016
6007
3004
12004
-386995
15004
3026
6027
36005
18004
9004
-993996
2982
3004
6004
18004
13004
7004
22004
28004
42003
4004
37003
55004
28004
28004
62004
23004
54009
55003
13001
38004
26005
52006
40006
-854992
41004
31011
5005
26004
5004
49725
77002
14004
29005
5004
20004
35982
3004
2989
9004
21004
-960996
19004
21004
3004
5981
2981
3004
2980
10004
2981
10004
24004
21004
12004
3004
24004
49006
45999
25004
22010
34002
-722996
19004
15004
4004
25002
7004
6005
3000
9006
3004
11999
9003
3004
18004
5981
3005
51004
33004
12004
3004
3004
3004
9004
9004
6004
3004
3012
6004
3003
3004
15005
3005
3004
9003
12004
15004
21004
3004
28009
15002
38012
18010
18008
20004
20006
373980
8004
6011
17005
24003
17004
5003
11004
6001
27004
33004
9003
3005
3009
15004
6004
12028
15004
3004
5997
3003
9004
21004
15004
12004
10004
1004
16004
16010
75003
70006
38002
30008
58001
97006
296906
152995
36004
133002
54004
9004
66004
37010
25063
5004
6004
37004
18004
3004
6004
3005
12004
19004
18004
3004
2978
3004
6004
9004
6003
9004
21004
9004
-975996
26999
19005
34013
16003
45009
35009
19005
10009
365007
14003
14004
5004
5003
11005
11003
11003
21005
20004
12004
11003
11003
23004
36004
13004
-989995
30030
28004
7004
10004
18004
10004
57004
3004
6004
3004
3004
4004
33004
15004
6004
19004
28004
14010
28003
11004
19002
-752992
14003
20010
4004
28002
13004
10001
18005
21004
18004
17004
5004
14004
18030
6004
31004
15004
12003
13005
14004
5004
8003
11004
11004
16005
20008
28008
19003
17003
15999
19008
22010
44008
-401989
-936999
43003
9004
16004
14971
7005
25004
19002
6003
30005
12005
27004
30003
3004
3028
27004
21003
47006
26004
24007
15003
12005
11004
6005
11000
11951
19006
9006
19001
9006
15006
24005
21006
8999
3998
18009
30003
27003
-987996
18004
9004
12003
18005
18004
3005
3005
6004
3003
3004
21005
3003
9004
21003
24004
3004
3025
6003
3004
3004
5996
5980
3004
11003
11004
20004
11003
12004
8004
11004
14005
23004
12004
29012
38007
25011
16005
55010
40004
47002
40997
23004
514005
26004
19004
27004
21004
18004
12003
3004
6004
15004
18005
3003
3004
3003
15003
12004
21004
21004
12004
21004
9004
17005
20005
30004
22003
25004
33006
22000
20054
17003
22009
31006
29059
58005
47003
11004
5004
5004
11004
5004
8004
12005
8004
6027
14004
8004
11004
5981
3008
9034
3003
9005
24004
24004
27004
33004
36006
9004
33003
24003
42006
12004
12003
29003
35004
44004
51007
71006
47002
71011
-955989
38013
61006
68006
24003
27004
-986994
19004
22004
5984
21003
9006
3004
12004
15003
6003
18004
21004
9004
12004
3004
-216996
12004
12004
12004
6000
22002
14005
24003
34003
16004
13004
10004
7004
10004
16003
4004
13004
28004
13004
3005
21004
25004
12004
21004
3004
3004
3026
20981
36004
2976
6004
21003
55047
61811
48004
3003
3003
2978
5993
12005
12003
27004
21004
6004
-792995
3004
6003
6028
27003
15003
9004
3005
6004
9004
9004
12004
18004
5982
3004
13003
12004
-966996
9004
7004
10002
28999
36013
16999
68018
21010
89004
23005
56004
18005
23005
-943996
29004
5004
35005
29004
17003
20004
14004
3025
32004
3005
12003
29004
21004
12004
3003
23004
14004
27004
51004
9004
6004
3005
36009
31005
32005
25002
15009
18002
15008
25010
35014
44797
77980
55002
20004
15003
14003
6004
11004
8004
8004
8004
8003
9004
6420
11980
15005
5980
9029
9004
3004
11996
33003
33003
5981
3003
48063
30992
36963
60985
34000
30987
15006
28002
40008
30003
20004
18002
27002
10004
19004
4004
7004
10004
7004
19004
19003
13004
13004
11003
11003
29004
32004
-974995
14003
3004
3003
3003
5995
12004
21002
45005
12004
99008
29771
18006
12004
6004
3003
2978
3003
3005
5981
12005
12004
12004
3004
9004
21004
12003
9004
21005
24004
24004
6004
12004
21004
21003
9004
6026
3009
9028
6003
3004
2982
11979
3004
15004
2980
19004
9005
8974
17981
30004
30004
93992
37014
76006
19008
34008
22007
36005
63971
18049
21004
9004
-436994
3004
6004
3004
12004
12004
18004
9004
9004
24004
21004
6004
3004
30004
21004
2981
5973
8966
6021
9003
16004
6028
21004
13004
10004
48007
19003
23009
27011
26010
11001
45004
13002
22004
11002
36004
15004
27005
24004
2983
36984
10003
13004
16005
13004
4004
25003
7005
7004
19004
16004
12003
3004
5972
12004
19009
21005
6009
16004
8996
12003
15004
27004
38997
13004
7004
13004
39016
15007
143027
158042
30011
45015
409007
6003
42004
18004
12004
24004
36004
9005
21032
21004
18004
9004
31004
13004
22004
12005
7004
7004
12004
3004
18004
48005
13004
6004
3004
3004
24008
73040
60996
98997
89003
68005
35004
38003
3003
32004
6004
41004
36003
42004
41006
42005
18004
20004
11004
12004
6004
21004
23996
-966996
-966997
3003
6004
6004
8995
18004
12028
3004
3004
3004
39004
12004
3006
27005
22004
19015
26014
35003
12912
48985
3005
15005
3030
9003
12004
18004
3027
6003
6006
6009
6004
21004
3028
8999
9004
30004
6004
3004
3004
10004
3004
15004
9004
25005
6004
6004
9004
6005
48053
56019
40035
21003
21004
12010
6003
3004
18004
25004
25005
3004
20977
3003
3003
3005
2982
2980
14981
2978
3004
3009
12026
30004
21004
6004
12003
34004
33004
-984996
9003
6004
3003
6005
-416025
3003
3004
3004
5975
8968
14961
11983
3003
9004
6004
18004
36004
24004
3987
18989
36986
19042
46010
27005
24032
3010
6004
3004
73005
9005
3004
3034
3003
9004
12004
3004
5996
15004
15003
42004
18003
9004
18004
24004
12004
9025
9004
34005
70003
9004
12003
9004
46004
9003
15004
27004
9004
11981
8980
29983
75982
15974
26987
79984
81005
357004
9002
27003
22004
9004
9004
15026
17982
24031
2983
2984
6004
5008
3004
5996
2987
3003
3004
14976
3004
12003
9004
18003
6004
9006
2976
6005
21004
15007
3004
3004
27004
57001
6004
-970022
33003
14981
3005
3000
3009
6004
3004
14975
8984
33003
6004
3005
15004
21004
3025
18004
30004
28004
13003
42962
36005
12003
21004
-606995
27004
42004
3004
5964
2979
2979
27004
5981
24003
54005
3003
20005
30004
3004
-992994
6003
15004
3004
3004
3004
8976
9004
2976
5981
15004
18003
44004
23004
53981
-969986
-936005
36004
18003
-527995
3003
27004
42004
27004
39004
21004
15004
18004
33004
24004
26004
12006
23004
5004
21004
5979
20003
20004
27005
3005
27004
24003
6004
8995
980
3980
3004
8996
3025
9028
21004
12004
3004
3907
42008
32987
63014
12003
15004
18004
9004
6004
18004
-496995
9004
30004
12003
12004
3004
9030
18004
12005
6026
9004
27005
9004
15004
9026
39026
2986
3003
5988
3003
14988
24004
3004
3004
28004
13004
49015
46015
544008
3003
5970
8985
5980
33004
3004
15004
33004
27004
3010
6002
3004
2988
6003
3003
24004
12004
15002
24004
30004
51003
6004
9002
18004
15003
3033
8980
3004
3004
3004
15004
12003
27004
6003
18004
6004
19004
24005
15004
559005
12005
18030
9004
27038
5978
9004
6003
3004
5968
8975
3004
5972
21004
24004
3004
27005
27004
9003
36004
23975
24005
12003
9004
6004
6004
5008
11981
6009
6009
12004
9003
42004
33004
28002
51976
96986
81015
63981
24011
66986
3004
3003
88499
6003
12003
658006
36004
9004
9004
10004
13004
33005
6027
30004
2987
9003
12004
11980
15004
26005
3004
5997
24003
30003
41991
27004
12004
36010
30005
5005
10015
24004
12004
24004
12004
6004
15004
3003
-434156
18004
15004
9003
12004
21004
39005
6011
3003
3009
3003
3004
18004
39003
39979
44981
27993
54004
27004
57006
3004
15004
21003
12004
12004
18004
18004
24004
12006
12004
24004
4028
6004
3003
13004
28004
7004
10004
18004
39004
21004
43988
32014
16973
96007
21003
12003
-446995
2963
18004
39005
18004
21003
3004
5972
15004
6004
9004
9003
21004
24005
24004
15010
9003
15002
15004
3003
3004
3002
3005
2979
41005
51004
19004
24004
4004
13003
6004
2981
12026
6029
31004
41977
2979
5972
3003
30004
9004
52990
63005
18005
18004
18004
24004
15004
12003
27004
12004
6004
12003
3003
18004
3005
6004
18003
15004
3026
3004
3003
8979
6004
9004
9004
27000
5979
2981
3004
3004
2982
5975
29971
28984
40981
22345
63451
42003
22004
30004
21004
-988996
8003
27005
2980
6030
-20109
15027
6025
3003
3004
5974
8992
11987
3004
60006
41996
51002
42004
33004
17999
18003
18003
24004
24003
6003
16043
39987
24985
87993
51014
39010
18006
18013
30023
12003
12004
3005
18002
9056
24004
24004
5004
32003
8004
72006
986
2981
5999
3010
3004
3004
5997
14978
24004
10004
6027
3004
6003
30005
21004
32004
3004
2981
2981
27028
49985
-957098
71971
18011
51005
21004
30004
54003
42007
9004
27004
28004
14004
12004
-979020
17005
29004
17004
11003
8003
3003
9004
33004
18003
30004
15004
18004
21991
49979
39005
36987
39007
27010
-960993
42988
42010
24004
27007
24012
12003
20988
23991
42003
9003
385007
36004
30004
2980
18004
15003
15027
5999
6004
18004
41041
59981
47977
36971
18977
2978
3965
20987
54997
31001
-963995
27004
2979
2974
3004
3003
2982
18004
27004
10979
3004
36003
20980
20979
3004
28003
3025
13004
10004
18004
47017
47009
17007
8006
26067
22005
18004
15005
18004
21004
26003
17004
3004
5971
11963
14981
26004
39004
36004
15010
9003
18004
21004
36004
33003
18005
3004
452005
6003
2982
18004
15004
21004
15004
33005
69929
114976
51001
118961
78983
11967
3004
15004
15004
3003
8981
2978
5972
8992
3004
8996
2979
3003
3004
3004
42004
8981
11982
30005
39004
22020
27932
43013
42988
27004
581005
58004
15003
3004
3004
3004
27004
14978
3004
2981
6000
8995
11986
14985
2983
3004
12004
36004
36005
33003
27004
15004
6004
3001
5998
3006
3027
45004
36004
9970
33978
24972
16010
21982
28003
64002
-258995
18003
41004
17004
-985997
20004
15004
20004
18004
20030
24004
32004
14004
32980
14004
14004
5004
5004
17004
27004
5004
26004
17004
18004
6004
63991
-954995
69975
45993
78005
39014
30005
50011
6002
36003
24004
21004
36004
18004
3004
3003
-163998
3006
8973
21005
24004
18005
51004
-978996
30005
9004
18003
2983
9004
3004
3015
6029
8998
9004
3005
5974
8990
11961
14977
37003
24007
36005
44988
50981
84016
27006
30005
21004
6004
-366340
14002
23004
20004
20004
5004
3006
20983
18991
21997
25004
13003
19004
-977996
4004
24004
3003
18003
30004
6005
3004
5995
8966
11982
2981
3004
3004
3004
59963
48999
24012
9005
29010
33015
-718993
29003
27004
33005
9004
9004
21005
36004
2981
5997
8989
3004
24004
27005
30004
15002
29004
23999
21004
27004
-984996
5986
3003
42027
3004
33993
39975
19612
66990
76006
39004
-941995
99004
2979
42004
30003
3004
3004
14014
23004
11004
20004
11004
20004
2982
5004
27004
20004
20004
18004
14004
20003
17004
5004
33004
3004
3004
6003
3026
12004
18004
21003
20961
26963
39984
50977
34978
28010
67010
25003
22004
19004
19004
13004
508006
6004
-984970
30004
18024
24003
33003
3004
2976
5981
2979
5996
36004
51005
15004
12004
3003
3004
5996
3004
33004
40032
63019
3986
21966
986
6976
75993
48992
45992
36007
84002
27003
24004
24004
12004
10004
4004
4004
25004
-22995
19004
4004
25004
4004
16004
4003
19004
3004
13004
3027
2983
2980
11004
18004
15004
27003
3911
6984
72997
69006
36007
18004
48005
12004
24005
12004
24004
15005
6005
28004
19004
22004
18005
2979
3004
2982
3004
2981
42004
42005
18004
3003
3010
9003
3002
6003
3004
15003
-960985
21009
57004
55003
33003
69004
36004
6004
2965
3003
3004
12003
15004
6003
93006
-951997
3003
3003
5993
3003
5997
3003
23008
33004
15004
6003
8996
3003
3003
5997
3003
18055
40974
33973
31009
16005
20012
19011
50005
6005
45015
18011
30014
18009
24004
36004
24004
21004
24005
6003
24004
5002
-988201
2446
29925
36005
75004
60997
9005
3004
22004
31004
60005
30004
9010
6003
3003
6003
3004
3002
9003
9002
42005
3003
Finished!
