Creating message of size 90
...Complete!
277
242
276
208
3712
6981
10702
276
282
3010
3005
8198
5996
5978
12306
8988
8969
11963
5335
2992
3005
14953
5998
9384
5998
17947
9005
8984
13362
20940
11983
11978
23933
17291
14963
14990
26927
17957
21398
20951
1804
23969
2984
4401
5933
240
236
8966
935
2964
3941
11947
6920
15009
17214
9948
19979
12962
23003
3002
15988
2832
25966
5861
28986
8944
32025
11938
60214
14987
63020
2957
17888
66025
3003
5791
20825
69036
5850
8836
23838
72189
8935
11941
26797
42028
11942
14900
29790
45019
14862
17817
32762
104550
17869
20975
35882
83962
20875
23830
38817
23903
26804
41873
29967
26924
44973
32821
29918
47924
32982
35810
50804
38868
35909
53894
41987
38971
56755
44933
41991
59966
44896
47915
62853
50994
47884
65783
50836
53929
68980
519
56774
53951
71769
59919
56958
3632
74917
59976
62859
6541
77952
65885
62965
9623
80902
68961
65859
12738
83867
71842
68932
15720
86959
74796
71845
18746
89910
74889
77866
21618
92812
80849
77999
24725
95931
80830
83983
27520
98776
86783
83826
30527
101996
89892
86818
33533
104846
92880
36520
108004
95907
39749
98947
2929
2960
3003
102003
5909
5979
5996
8895
8993
11948
3004
14904
15002
5997
17922
17965
8990
20916
21005
11964
23989
63941
14977
2995
26962
3015
17970
5986
6028
20958
8968
72892
23987
11977
75975
26951
78895
29945
81484
81732
32939
84933
35928
87876
38921
90911
41933
8975
3027
11969
96772
14996
9020
17989
102987
21003
2018
2938
23983
4990
5971
2987
111887
8976
6004
114956
11928
2993
8931
117922
14793
6003
11839
120911
17932
14980
8970
123928
20997
11934
17817
126968
23981
20791
14941
129994
26948
23826
17795
132759
29943
26885
20855
135950
32909
29934
23901
99028
35829
32821
26830
102021
38852
35848
29860
144825
41825
38958
32895
147701
44987
41975
35965
150813
47891
44866
38866
154000
50847
41798
47844
156868
53859
50964
44931
159582
56886
53969
47925
162664
59954
56831
50982
56804
62904
59923
53914
65864
56877
68842
59946
71916
62818
74799
65952
77836
74810
68889
80818
77991
71921
83922
80861
74824
87004
83904
77789
89806
86946
80806
3004
92871
83883
95899
86986
92874
98961
95952
89842
101813
98911
92837
104880
101940
95976
98871
107892
101989
104849
4028
107812
110907
123919
314
315
132900
135857
2754
142000
5749
8760
11779
14771
17787
380
396
409
430
431
427
162802
171878
17936
18970
19409
21944
24968
27924
30932
33889
5945
36883
8963
39894
11950
42907
14987
45900
17956
48919
20974
51877
23968
54783
26981
57776
30003
60771
63791
66869
69652
5036
75604
78658
8982
11013
12004
14019
59019
18002
96596
99647
2997
-997741
-994011
2787
-990996
3006
-988018
-985024
2797
-982029
-979035
1997
2984
5004
5955
7994
8962
11021
11940
14013
6003
14951
17027
17926
3003
8951
20933
11945
3005
5968
17987
2790
3003
8980
5780
11948
5991
23962
14944
8998
26967
11985
17993
32952
20938
14977
17980
23925
26917
20970
38976
29933
41991
23970
26946
32903
47998
29941
35988
32959
50978
38931
3005
41913
35955
44897
47975
50998
5028
5997
53957
8022
56961
5999
59908
11990
62890
11989
65885
14984
68874
17993
21002
71883
74869
23971
26978
5027
6028
88005
3004
2998
6005
260
264
286
8737
5995
2995
9003
6003
9003
2973
3003
5978
8997
1035
2983
4021
7014
3004
21006
23992
16000
19189
2979
3004
5967
2776
11997
5783
14984
17973
21004
2988
23990
5995
9003
1225
2982
6004
8990
5990
3004
9003
9020
5997
8990
11997
11984
14984
14979
18003
17965
20990
20959
23953
2992
3029
26974
5985
6022
3004
5984
2955
8967
2994
5984
11997
8989
14962
11961
17991
14995
20973
35999
18003
23979
20977
26943
29948
32955
3004
3009
3003
5985
6022
8990
16029
3003
11975
11960
14969
14983
9002
17998
15020
3005
32964
6015
8997
11983
24003
8998
12002
14989
30004
29993
32997
39004
65932
68946
42003
71941
3005
6030
8965
83954
86926
89915
17989
92921
3002
26979
5995
29998
2979
32955
5970
35986
38959
14991
44973
2994
6000
6184
9004
12004
3003
3005
3004
5995
3004
3004
3004
5996
3023
6004
3009
6004
13004
3006
11997
5993
8987
15003
3003
2997
6003
8981
3003
11990
14960
17974
3004
20967
5994
2996
3003
6003
8990
2007
2992
4998
32996
4008
7990
6987
10983
3003
5019
8029
3007
6001
8990
8013
11024
3004
14030
3004
8996
5995
11989
8980
11988
23981
26989
1057
2097
4002
5989
6998
5076
6025
9981
6004
17043
18031
11996
23002
26012
31994
23989
34973
43971
44967
49941
55941
45033
67968
-964228
-963015
-927008
-938981
6002
5004
5005
5003
1941
7931
2999
6004
16004
11984
14991
15005
3006
28004
6003
26997
29990
21039
41309
9027
4005
4004
4004
12019
15003
3004
24006
994
3005
4005
3003
9987
5999
10004
10004
7003
4004
1003
3005
3004
2997
4004
1004
2997
5989
8983
3005
6003
5996
8989
11983
64003
14977
66996
75997
3012
6006
3005
3007
6002
8985
11993
14981
17975
20967
23956
26949
3004
5997
3005
8992
5995
3006
5997
2997
8992
6029
14986
3030
3001
11996
5993
3008
5996
8992
11987
6000
9004
11998
3005
5999
8966
11984
14948
3002
5971
8964
3003
3004
12004
7005
2978
2981
3003
15004
3003
5994
8988
3004
3005
2005
2968
4985
7980
3003
10990
3005
13997
16975
3003
3005
3004
9004
3005
9004
11997
14990
17984
3003
6011
3003
3004
5997
8990
3003
3004
3003
3009
2998
3004
6003
8992
11985
14979
6004
3004
6003
3004
5995
3004
3003
8990
5997
17985
9005
26996
3005
38979
3006
6004
3003
8995
3004
12004
11996
6004
3003
3004
2975
74974
5967
5996
77967
8982
8963
11989
14979
3004
3005
2996
6004
8989
3006
3005
5997
3007
3004
5997
36004
2990
3030
3004
5996
6007
8998
11992
3005
5997
3003
5997
3003
5028
3005
7031
3001
7006
10004
7004
3003
27004
3004
3004
3003
6042
7157
11023
6005
29972
3007
30268
3003
3005
3004
5995
3004
3004
3004
9016
5996
9004
3005
5995
6004
8978
12004
14989
3004
17996
20983
3004
3017
29971
3003
5997
35965
38960
6011
3003
3004
8995
3004
3003
5995
3004
3004
3004
3004
3010
3017
3004
9011
11997
8988
9004
14995
29983
3004
4015
6992
9000
12988
-983996
-982002
2996
6003
8990
-911007
11984
14978
3004
Finished!
