Creating message of size 90
...Complete!
301
232
221
374
3729
297
300
327
295
2989
2988
5993
3005
8999
11975
2975
14981
3005
17220
5968
17968
8985
21205
11991
25454
14963
2908
3031
17998
5997
6893
20980
23957
10894
2993
27005
14790
5966
8998
18568
10995
2997
22487
13972
14987
5978
2818
25994
17977
5870
28944
20961
8969
32016
24004
11963
16221
14840
19996
17945
22995
20914
45447
23834
74018
26845
32247
29857
18003
-972996
-944888
-967013
-979010
-970004
-942049
-964171
-976022
-967010
-939027
-961124
-973016
-936039
-958148
-970004
-906986
-955073
-967027
-929890
-952097
-976018
-926882
-949039
-973057
-924031
-946059
-970073
-943118
16055
16140
16155
-967078
18945
-940132
-964053
-937068
21941
-961062
24948
-934106
-958067
-931093
27936
-955083
-928112
30957
-952028
-925178
33825
-949007
683
-922049
36999
-946012
3708
-919005
39831
-943094
6713
-916080
42969
-940023
9771
-912997
45962
-937035
12726
-910018
48879
-934047
15702
-907206
51974
-931089
18753
-904189
54912
-928002
21720
-901194
57868
-925100
24766
-898201
60986
-921994
27733
63872
-919039
30801
66854
-916106
33235
69993
36227
72841
39220
75893
42396
78885
45340
81917
48185
84835
51159
87861
54214
90904
57387
93979
60172
96897
63500
100004
66540
69560
72547
75321
111820
78176
114814
81573
117803
84607
120788
87378
123809
90518
126792
93165
129798
96379
129994
99554
132998
102334
136005
105570
135999
108599
138989
111592
141993
114328
144971
117512
147976
120512
121467
151007
123782
153982
124562
126745
129534
132088
135787
138809
141483
142588
144153
148670
151324
107404
23530
106790
112688
124988
25977
109832
119004
127994
28990
112803
118997
31995
115805
131419
122004
131004
34983
118997
124993
37957
133940
127885
136962
40970
130957
139012
43963
133951
141977
43983
136984
144984
46991
139879
147926
49996
142918
150970
53003
145932
153998
55977
148913
156952
151868
159958
61968
154971
162913
157874
165945
160965
168920
163978
171933
166899
174906
169926
172004
172905
174998
175939
171999
178854
174979
181860
177900
184946
180989
183890
183001
186880
183006
189895
192822
157004
195927
159997
198910
162990
201832
156919
204984
159977
207923
162993
210932
165924
213817
168914
216838
171988
219906
174903
222862
177929
225827
180885
228811
183983
231995
186998
234794
189897
237856
192935
240868
195972
243939
198947
246917
201874
249845
204966
252965
207909
210951
213879
214953
215962
217891
219005
268880
269798
277975
278786
289977
290873
295011
348199
361290
41757
186913
219716
93003
87005
89997
194987
72004
197989
74996
200599
71969
203406
74982
203801
77976
206787
81004
209793
83997
212775
86990
215771
77945
218742
80970
221753
83964
224749
86939
227759
89983
230736
92958
233696
95951
236703
98990
239698
102004
242716
83997
245712
86990
248724
89984
251685
92965
254605
95934
257614
98972
260582
101915
263587
104953
266542
107928
269533
110921
272594
99004
275600
278529
279544
104996
281551
284576
287243
290236
293232
296227
293004
295816
283781
286777
289771
292768
293004
214028
183020
290003
293007
171029
173998
176968
179961
183025
215000
212999
203816
203819
188980
35998
205942
206961
39003
209006
209894
211953
41988
212919
214973
27004
215900
217868
218941
220995
221948
223988
224874
227004
227926
113995
230907
116989
233887
119981
236881
123004
239820
122997
242826
126004
245833
126005
248840
122998
251814
126005
254967
243008
257934
246016
260847
249003
263807
251997
255029
257981
260950
263974
266991
267023
272954
275960
278969
279028
281996
285016
287977
291009
293983
297951
297992
189952
192946
195901
198897
201932
204941
207983
210976
213926
216906
219959
222990
226192
228888
231916
228994
232002
234962
237981
235003
237996
238002
240994
243988
243999
241000
243995
246988
249981
253990
256944
259938
259969
262976
265963
268957
271950
274944
277938
280925
283918
286912
289906
292893
295899
298882
301875
301976
304968
304967
307975
-695023
-704024
-701032
-698038
-710023
-608477
-608486
-653430
-653427
-653425
-683948
-606034
-569994
-681012
-603022
-584994
-678005
-582033
-600030
-647993
-675018
-579026
-645003
-597043
-672025
-642016
-594060
-576007
-669084
-639011
-591053
-573015
-666074
-636022
-570005
64990
-663063
-633027
-567039
67998
-660080
-564064
-630040
71006
-657044
-627033
-561045
71006
-654038
-558057
-624042
68033
-651050
-555052
-629995
-648032
-552078
-627002
-645057
-624010
-549067
-642069
-546084
-621013
-639105
-548998
-620994
-636117
-546004
-623995
-633098
-632996
-555008
-630110
-551998
-630001
-627091
-627009
-549001
-624121
-624014
-593004
-629994
-647996
-592997
-689994
-647996
-687005
-586995
-645003
-619996
-684008
-642010
-681026
-639016
-678015
-639002
-675021
-636007
-672032
-632995
-632995
-630001
133004
135996
138989
106003
112004
458634
455788
445982
425027
354369
393394
460998
458943
392999
461005
413003
461928
366006
463998
362977
464910
416002
466991
418989
467916
365987
469967
368997
470922
419006
472987
421996
473936
372008
475961
374971
424992
478979
377966
519979
422007
481973
424995
432003
380963
484949
427989
522980
383957
472997
525972
430985
476004
528966
433972
478992
436976
528979
392950
481986
531972
437003
395943
482004
396002
534966
437008
484998
381002
537951
439995
484998
442996
540945
369007
490992
371995
543959
443006
491004
443004
546933
372006
286995
549927
445993
385997
289988
552921
449001
389004
451982
540977
292978
84003
446002
543970
295987
383004
546963
299006
89993
383002
549956
301972
92986
383003
531978
215008
95980
382995
436004
146005
98974
438995
146003
386006
101968
441988
388992
104962
480004
389005
123994
380008
125010
379997
118979
382989
121973
384010
378002
124967
127957
375005
300003
122009
302997
305990
267003
168004
162003
165159
170990
Finished!
