Creating message of size 900
...Complete!
27503
27077
27321
26958
30347
26208
33069
35765
38568
25448
41333
44109
46847
49607
52376
55135
57898
60687
63423
66190
68995
71789
74587
77384
80183
82977
85785
88577
91370
94161
96949
99724
102468
105216
107962
110713
113458
115949
118736
121485
124236
126992
129745
132500
135247
137997
140706
143405
146094
148791
151504
154236
156961
159693
162425
165405
167915
170668
173420
176173
178923
181677
184431
187185
189938
192688
195195
197949
200705
203461
206215
208964
211720
214469
217215
219962
222715
225469
228222
230970
233724
236477
239232
241988
244738
247493
250246
253004
255755
258511
261256
264005
266758
269511
272254
275008
277762
280511
283257
285996
288741
291495
294249
296998
299754
302510
305262
308018
310773
313516
316260
-468660
-488663
5454
5456
75005
7988
8016
10981
52006
2998
5982
8992
11987
15003
17978
20973
2016
2997
5006
5986
8002
11031
3005
5997
371
8991
11988
14982
17979
2841
5818
8812
11837
3004
14825
17848
6469
7005
8995
9989
11984
12995
15003
15983
18977
21951
24961
27941
30946
33956
17503
2989
36932
5995
39973
22996
42915
8986
25989
45925
12004
28983
48921
31981
51938
34929
54967
37967
57890
40962
60912
43934
63885
46919
66906
49939
69903
52924
72882
55914
75896
58945
61972
64957
67898
70909
73904
76951
79887
82893
85882
91871
32713
23716
23748
38802
11574
94865
44935
63030
97861
47994
17658
100877
45005
51025
22627
51000
54029
25639
53994
56938
28215
54001
59964
31226
62933
34243
35220
65991
37205
38237
69007
40251
41199
72004
38728
44193
74978
47148
77965
50168
80943
53162
83987
56172
86954
59153
89997
62157
92969
65142
95930
68189
99014
71178
101986
99020
102014
105009
78004
78022
20285
14003
11016
13991
16997
17028
19986
20004
22961
22981
25951
25970
28974
39053
42062
45012
48006
51018
54048
57026
60034
106622
149291
120363
147005
164007
108010
122986
166991
112970
108000
125967
111003
169999
123035
128991
172985
110986
126026
131937
169999
113999
170031
134951
172991
116978
172971
137975
175966
120006
135017
140931
122990
178938
178977
143981
125983
181963
182006
147004
128964
184927
144009
149997
187940
131960
147008
152959
134950
190932
190946
193955
137926
153368
59003
140944
196988
155992
56003
143931
199974
159350
146918
196956
197204
199969
149939
200026
152861
202966
203020
155891
205961
206016
206005
158839
209008
161847
209002
212012
211994
164858
164910
167831
167892
170844
170909
173900
173931
176939
179900
202973
205966
104662
107459
110257
113080
115871
118841
121636
124598
127642
130651
133607
136623
139628
142656
145669
145986
148978
152001
154959
157991
159977
163001
145595
183021
160142
147975
92907
185995
162995
151004
157005
188988
165988
-901050
-846018
-808019
-831026
-898070
-843011
-805032
-828019
-895043
-802025
-825032
-892075
-849003
-799112
-822038
-889088
-846010
-796129
-819045
-886081
-842995
-793067
-816052
-883038
-840015
-790052
-813060
-880096
-839996
-787105
-810066
-877031
-839996
-784142
-807073
-874109
-858013
-781046
-804079
-871058
-855002
-778086
-801093
-868023
-852007
-775072
-798105
-865430
-848995
-772092
-795100
-862438
-861013
-769079
-792086
-859443
-858029
-766099
-792003
-855002
-763118
-788997
-852009
-760136
-849024
-757123
-783009
-846019
-754037
-795996
-849001
-751058
-799996
-846008
-803002
-842997
-796016
-797003
-840012
-793010
-793996
-837018
-790022
-793996
-834023
-787005
-800003
-831027
-783996
-796993
-821996
-781028
-811996
-825033
-778039
-830015
-824996
-775050
-827019
-872997
-772034
-824009
-882003
-769055
-821001
-878997
-766044
-820995
-878996
-871996
-814996
-869004
-829996
-832996
-883997
-881003
-878010
194778
143846
104978
125997
278777
210003
197954
183006
281996
210003
200959
185997
188981
203946
213000
263979
215989
206970
191993
266974
218984
209965
191995
269967
221978
194997
272991
44972
198002
224976
276004
227966
200958
47983
278984
50965
230960
203973
281949
206963
53959
233956
284997
209976
236933
45006
287962
44976
239940
212957
290957
215984
242931
42009
287997
218946
245948
291004
248922
192004
285972
251916
194998
288967
254910
195005
291984
257902
197999
294997
249002
161994
297961
246003
165005
301005
248996
162006
303991
161996
239998
306955
165002
243005
309978
225005
312949
218997
205003
183006
205004
208000
219004
210980
161980
213988
162001
216974
162001
162018
161995
207005
226004
192004
122996
126003
104442
155496
111004
169978
131005
45003
169978
133996
33003
172972
32997
175967
36003
175979
36003
172980
29991
163971
33003
166979
35997
145980
38979
125005
41936
44985
118974
47948
121982
50974
53968
56943
59955
62961
65923
83931
89917
252938
174835
222298
234320
174302
269005
236996
177998
216004
272000
234002
180992
218997
274994
230998
219003
261991
234005
186003
264998
236979
268005
236998
286986
240005
273986
245987
276980
245992
279974
246004
282969
246004
285963
288957
291952
195005
294946
192003
297940
189005
243006
127997
292004
311005
259979
137004
311004
139993
305005
-707995
-710996
-809032
-806025
-841997
-803038
-803021
-839013
-800027
-797034
-817028
-820020
-832020
-861996
-864995
-870996
-868027
-865035
-867998
-867996
-865004
-862033
-859040
-835024
20766
20994
21011
21969
47000
117006
50003
162004
207006
113979
186003
52987
150007
29943
152996
186003
55982
86980
58938
84002
188999
83978
84003
59003
191993
77979
61996
39957
77978
64989
43005
77981
67983
45952
80972
70142
48978
72971
83968
51938
83977
75966
56988
54933
69003
78960
57926
66003
81953
84945
54005
65994
61005
87940
88004
90997
93990
96985
99978
95003
86983
87109
90097
93005
98977
101970
194306
195005
196996
197998
162004
150003
152996
150003
150003
135003
137996
138003
137996
140989
144003
146983
149976
152970
298843
206569
297582
282003
308006
277005
304990
36004
213996
308003
24004
217004
310986
205005
310999
133004
182005
133004
176004
133004
178997
130005
176003
253978
170004
256970
164003
241970
167003
241979
89003
62005
131004
56004
56005
-508569
155757
107766
-456818
303689
-576304
-423995
-461996
365980
-454003
-408996
-451013
-458999
-418005
-456009
-452999
-417996
99003
-450008
-561994
-417996
-562027
-447014
86983
-415000
-444020
-559021
78005
-423995
-556037
-443997
81001
-432994
78002
-441006
-553029
-481996
-550004
-438008
-481995
-435022
-547008
-479002
-544054
-432014
-478996
-541060
-429032
-476003
-537997
-426026
-473010
-535049
-423037
-472996
-420058
-532039
-481996
-529079
-417050
-479003
-526084
-414044
-478995
-523073
-425995
-476002
-520066
-431995
-487996
-517090
-429001
-487996
366004
-490995
368997
-505995
-511995
-509003
369005
-523996
342004
342004
392004
342004
353004
342004
251004
154004
196004
136003
235408
494543
405006
400000
237995
390003
403006
232004
41998
387003
400005
234997
128999
402989
389998
231997
129005
392989
405998
235005
395983
406005
237965
397003
398980
240977
388003
399005
243983
41028
401996
385006
246970
404989
388000
249991
379002
407985
250005
379003
405005
252998
384003
381999
91998
345003
376005
92003
370003
203000
165976
361005
83003
352003
168985
77003
349003
171993
343004
175004
334004
336997
319005
226005
226004
193004
174003
136004
148003
611604
577867
296391
296385
296400
-378237
581005
-337994
-337996
499004
583990
-370994
-346995
493004
580996
581006
304983
623995
401006
307970
388004
626989
395005
310976
382004
615003
397998
313962
376004
597003
398005
376004
461003
353005
367004
572979
350005
364004
549005
209004
366997
542980
290006
203003
358004
542979
266005
202997
343004
533980
259998
205991
343005
533979
263005
209003
343004
536972
265991
203004
343004
539966
268984
205985
345996
530977
271980
208992
348990
527972
230005
211997
340004
530979
230004
342997
533965
232997
331004
536959
224004
227003
527003
137004
229996
518001
118986
224004
122004
139971
124980
142979
127998
145954
148964
133991
151960
154947
157937
154995
145974
158004
158004
157980
128004
123001
161004
-409129
-491614
-453601
262927
-429995
265994
-486995
161029
-480021
268990
-630996
-486022
269006
163011
-633994
-484995
271998
274991
-483020
151013
-651995
277984
-483020
240004
280978
132012
231006
-478995
283973
176984
131032
-477019
179991
266003
-477018
126008
182997
-477021
254007
185979
248008
-480015
132006
189005
124229
196262
-486018
90008
191971
112029
-500024
194961
-508996
197953
-516995
93996
200967
-522995
193007
97006
-520002
190015
-517008
154022
-516995
100005
-514002
76007
-493993
-491021
-496994
-500022
-500022
-520995
-530019
-539022
-548019
-545026
354005
-598995
350005
305005
307997
-231302
-362138
-258972
-463995
-243994
-282995
-359004
-289996
-241002
-361995
-301997
-238015
-376997
-669995
-313997
-235008
-669998
-395002
-232039
-475994
-391997
-667002
-479022
-229022
-675998
-389008
-481997
-226029
-386018
-695996
-484997
-223044
-722997
-514995
-485021
-517003
-722997
-514994
-513997
-482027
-752998
-532995
-484997
-809003
-750004
-523997
-806017
167002
-758995
-535998
-803010
-764998
169995
-565997
-799995
-764998
167004
-601998
-797023
169995
-762003
-614024
-794036
167002
-759009
-641022
-791029
-762874
116004
-788045
-638028
-792991
118996
-648997
-790994
121989
-657998
194005
101003
-687996
86004
182003
-705995
83005
-742024
182005
83004
170005
778030
776088
707430
698004
766007
680999
375008
695004
711003
118004
695004
748006
716995
109005
-889995
-264994
-310995
-331022
-265001
-950994
-375996
-346020
-258997
-959995
-489996
-258998
-959996
-498996
-294994
-256010
-957002
-507995
-312995
-253020
-564995
-331002
-250015
-570995
-327995
-247028
-645995
-325008
-252995
-654996
-342995
-276996
-711996
-527994
-306995
-726994
-558995
-318996
-726996
-573995
-390995
-729996
-595021
-388002
-732996
-651995
-420996
-663995
-441995
-844996
-670018
-439002
-873996
-673021
-609996
-872499
-696995
-910001
-719996
-732018
762578
765599
763453
460667
764980
789005
844006
796005
831982
768948
649004
770967
771004
553006
607004
726003
528998
601004
776960
717004
532005
589005
779954
702004
577005
782945
704996
229005
579997
785938
707989
205004
538005
788932
710985
436004
753005
870993
738004
577005
418005
711005
556005
409004
672005
558997
394004
674997
804952
358005
675004
807971
307004
657004
810984
247003
657004
813965
202004
627004
816997
573004
819977
575991
823005
578998
825958
581985
454980
531004
374004
459004
355980
306003
326005
294003
250004
294004
252997
258003
331980
245996
253004
248991
326004
251983
258997
252003
313979
212996
259004
216004
314004
201004
304978
198003
-700996
-799004
-707021
-796024
-727996
-793016
-790010
-787030
-784036
-849997
-847005
-858997
879121
886506
880559
602623
876006
570007
878996
856007
552005
881990
670005
549005
658003
884970
551986
622003
887977
554991
624996
890964
557978
607003
893985
501000
604004
896959
483000
879003
596005
464999
881996
589842
529003
590003
882005
444005
884996
587005
444004
587003
840006
426005
816004
584006
709003
578005
132991
160003
691003
580998
148977
685003
583992
142980
578003
682005
113977
580996
682005
93003
597998
86004
151004
379005
131004
373004
-904996
-632996
-638996
-641996
-639003
-656996
-654003
-651009
-785996
719527
532020
735004
719006
499005
479007
732004
689011
445008
440007
662002
729005
433008
425007
641003
729005
421008
413008
643996
708006
383005
693003
617006
352007
352999
602003
693005
354992
323007
585005
302005
570002
170996
292006
255005
537004
534003
176990
233005
233004
531004
230005
520005
520004
206004
193002
520003
188983
185003
185995
517006
184000
514005
187010
187992
511004
189987
190969
505005
193978
490004
181005
490004
184999
174005
352004
175005
210994
214002
175005
172006
219003
184006
133004
133004
99017
-437263
-443245
-443241
-429230
-434992
-493994
239004
112004
-436996
273003
55005
-436001
49003
250007
-435996
235003
46005
-441996
232004
35005
-456996
26004
210006
-456996
200977
-462995
119977
-519995
172006
-517002
-534996
-562005
-558996
-556011
294003
237005
228003
114004
78004
72004
-267072
-298635
-521995
-275997
-431993
-299996
-398996
-263996
-312996
-530996
-272997
-329998
-542996
-272997
-348998
-554997
-270003
-352996
-572997
-278997
-385996
-572997
-278997
-386996
-572997
-293997
-388995
-570004
-272998
-541998
-602996
-566999
-296995
-630003
-302998
-617996
-626996
-323997
-642997
-624010
-366997
-659995
-629996
-361014
-673995
-627003
-358006
-682995
87003
-358003
-323998
-748995
-751996
-354023
-749002
-566998
-746009
-566998
197026
-569997
173003
-569998
127001
-579023
129993
-534995
-594022
-725029
-743015
-743015
-745982
-716003
-754977
260003
171986
-154440
-609627
-480614
-64699
-156995
30007
-137993
-45993
-211998
-63995
-214997
-61002
-214996
-234995
-220994
-234996
-227998
-232003
-153994
-231996
-233000
-264995
-216996
-453997
-235998
-456996
-233005
-454004
-459995
-255995
-468995
-295993
-498996
-276993
-498996
-307995
-498996
-431017
-519996
-315002
-525996
-304029
-523002
-332999
-528995
-315995
-543996
-400995
-541004
-433995
-540996
-484993
-538002
-520995
-535009
-574995
-580994
-652996
-604996
-658996
-619994
-655997
-670996
-670999
320004
296001
322997
278004
320004
266003
299004
245004
301997
129004
302004
299003
195997
301985
304990
189997
307997
129004
310972
313966
316978
308003
233004
254000
335000
344000
338000
184567
124746
-230994
58007
167009
137006
-15992
141005
137006
-58996
141004
-58005
-217994
119009
135002
-256994
-336993
117003
-341992
-255995
114003
-344995
-344001
-249993
-345992
116996
-294994
-347997
119990
-347004
-350998
-112992
122975
-353999
-250994
-356995
125984
-356001
-265994
-356998
-356997
-331993
-360999
136004
-363996
-367996
115008
-366006
100997
-363997
98006
-371999
169004
-405994
-405000
163005
-410994
160003
-418994
-418998
92005
-416004
145005
-418998
121005
118002
86004
-418997
88997
-421997
100004
-436996
-451997
82002
-490995
506004
497005
53668
181835
169880
70596
53007
390007
56002
158007
56006
152006
58000
29007
150009
149004
14007
134005
6007
4001
101004
7006
7994
80005
10987
68005
9009
68005
5005
-18996
-60995
283003
248008
203005
-84995
181006
181999
-96995
122005
-161995
-164996
115006
113006
-176995
104005
-174003
100006
-171009
94992
-168016
95999
97006
-167998
99986
95002
-203996
-218996
86002
643005
637005
625004
619004
619004
619005
619004
616004
604004
574005
568005
561879
514004
498997
501990
484004
463004
442004
178007
175005
-16317
-17266
-171942
-83589
-98996
-33995
-257993
-104997
-45996
-257991
-139997
-266995
-266997
-143765
-264003
-143995
-191998
-263995
-263996
688006
664003
718005
649004
290002
577005
571003
257005
532004
529003
531996
526004
526005
526005
526005
526004
528997
502005
496005
493004
490004
454004
451004
424004
364004
331005
295004
223003
225995
214004
216997
169004
133004
-317510
612807
-242765
-251995
-98995
-254995
-119995
613005
-252002
550005
619005
-249009
496005
613004
-246015
498997
607005
-243022
499004
-240028
497002
-237034
497002
-260996
495001
-266997
493002
-272996
488001
-276014
486001
-273008
488994
-272997
489003
491996
-281996
494989
-279003
497982
-281996
500000
-284996
499003
652004
498003
640005
486001
634005
488995
491987
494981
497975
500968
502003
504000
499003
501000
485004
463004
463004
463004
454004
445004
442004
444998
436005
427004
421005
409005
385004
385004
385004
387998
373997
360999
363987
356979
338974
301996
283000
274997
267000
264000
261000
263993
264000
210000
210000
209993
213000
206999
-100002
-100008
678009
-93997
-183996
-62994
675010
657003
-181004
-66002
-93989
-104998
-96997
-178011
660003
-94003
-183996
-113998
624010
-91576
-125996
-204997
597011
-96936
551995
699004
-125989
555003
-123003
-155996
-93937
-122997
-167996
543003
-99988
444003
498004
543007
327002
634977
396008
398994
617003
201008
393002
593979
180006
378002
591003
159005
375002
366003
159008
297002
366003
150005
126002
141004
141002
75004
138003
135003
137994
140988
135003
137996
138003
135004
108004
-797025
-32573
-744997
-794046
-353001
-732994
-743001
-791035
-349993
-777996
-788028
-349997
-750997
-804996
-344013
-761000
-785018
-813996
-769998
-544997
-782057
150003
-779067
-777997
-550994
144003
-776000
-776015
-574994
105003
-773075
-14996
-595993
102003
-770007
-14996
-607994
78003
-769035
-18021
-605002
65996
-17997
-631995
183997
69005
-20998
-650995
63002
60005
-92997
-738995
54005
-101997
-747995
45005
-131998
-747995
39005
-134998
78004
39005
-370996
56005
-395018
56005
-392027
53005
-392020
47005
-533020
-178995
-95995
-218995
-230996
-254995
-302996
-317995
-344996
-347995
-365996
-368996
-410997
-419996
-452996
-530996
-600995
-603019
-629996
215004
272001
112696
64238
163004
115004
150981
141980
97005
135979
76005
70004
73004
14005
70004
304005
72997
298004
73004
289004
67004
286004
46005
265004
46005
252981
43005
223004
45998
214004
46004
190004
48997
172004
51991
151004
49004
79003
43004
19004
-62031
-80021
-93021
-101020
-98032
-95038
-92045
-89051
-86058
-100000
-119870
-153996
-156995
-154005
-151011
-148017
-145024
-142030
-139037
-136042
-143997
-143999
-156001
-153008
-158998
-157000
-156997
-154004
-155997
-158998
-167995
-195000
-214000
-232000
-247000
-274000
-285999
-294999
-292006
-292000
-307000
651001
597001
591001
581961
558000
552001
539974
513000
-624423
-485932
-585273
-597261
-626994
-293997
-632995
-302995
-597996
-644996
-285015
-609996
-644995
-332996
-609996
-653995
-338996
-615996
-671995
-341995
-624996
-707995
-344995
-630995
-746996
-362996
-561997
-362996
-687996
-573996
-365996
-759996
-588995
-419995
-802996
-612995
-419996
-817997
-831995
-428996
-835997
-633995
-444034
-850997
-660996
-441042
-889997
-675994
-438048
-895997
-903995
-435055
-904996
-918994
-432062
-907997
-916002
-429070
-919997
-919002
-426080
71003
-915996
-423086
71003
81787
-420097
59005
38004
-414104
26004
-411110
-411022
-440995
-446996
-449996
-193500
-454258
-219986
-101980
246005
83002
242006
234004
69004
227006
-193995
61002
229999
60003
-290995
-256996
50002
-119995
-322996
47002
-275995
-379996
35002
-397996
32002
-400996
32003
30002
28003
21001
23994
15003
-6994
-37996
-37994
-43996
-46994
-40995
-46995
-49993
-61994
-79995
-126995
-156996
-204995
-231994
-258996
-285996
-297995
-375995
-517996
-515004
-518008
-515014
-514994
-515026
-505996
-503021
-490998
467004
445951
431004
425004
422004
373980
326004
269007
271969
274961
277955
280948
277975
280968
283962
286955
286976
266000
254000
239001
233000
215000
206000
447432
417006
719008
170005
411006
584004
170004
411005
491005
167004
408005
167004
402005
169997
91002
149004
125004
95004
30011
-11996
-71995
-98996
-140996
787004
766004
727004
718004
706004
697004
688004
679004
676004
673004
670005
672997
675991
678986
681977
684971
682004
580005
568004
541005
538004
520004
511004
511004
468973
450968
342004
357002
336004
315004
315004
317997
303004
297004
243004
162000
162000
162000
218545
-410395
-455346
-662861
-674846
219006
-684002
219005
-680995
221997
-678009
222004
-675016
210004
-672022
61004
174004
325004
125004
250004
55005
244004
226003
49004
217004
113005
211005
46004
110006
31005
101004
95006
97999
19006
89004
80004
25005
77004
10004
7004
-4997
11004
-40995
4999
1997
5004
-55996
-996
-55995
-73996
-3995
-3996
-15996
-13002
-12996
-111995
-10003
342003
-12996
-15996
-13003
-18996
-18996
-16003
-21995
-33995
-243984
-249999
-288001
-325306
13983
222004
201004
-3994
213005
180004
-357996
207005
168004
-33995
209999
129003
-61024
210004
75004
-67021
210004
-76024
213000
-73029
155004
-70017
-325996
-67011
-367995
-64004
-385996
-60996
-394996
-78996
-394996
-108996
-392003
-114996
-394996
-132995
-392003
-165996
596004
-222996
590004
-239996
584005
-284996
569004
-344996
571997
613005
560005
595004
542004
577004
515004
559003
485004
532004
485004
517003
410004
481004
475003
383004
475004
350004
475004
302003
469004
236005
460004
149004
439004
439004
424004
384004
375004
145004
459007
-195995
-108989
-44997
-222996
-130002
-120040
-282996
-239997
-324995
519004
-322004
468003
-327995
470971
-336996
473963
-372995
476955
-378995
479949
564005
479980
269005
426004
269004
372004
269004
366005
271998
368997
269004
369004
263005
371995
251005
374964
227004
375004
203004
365982
185005
356978
351005
326979
291004
240003
231004
231003
212980
201003
182981
180004
158979
152980
153004
144003
146996
149966
152959
152980
152981
141004
415898
655009
109005
877006
811005
862006
395004
841005
397989
823005
395003
784005
395004
670003
392004
672002
389004
666002
377004
685005
365004
847005
341004
673005
338004
661005
323004
805005
308004
640005
296004
715004
287003
664004
212004
615005
212004
208978
-428443
-696829
153982
-442995
-696994
-414993
-81021
-447997
-708996
-90020
-456996
-723996
-101995
-464996
-723995
-113996
-500008
-723996
-116996
-505995
-729996
-122996
-514995
-738996
-131996
-529995
-741995
136603
-544995
-744995
-544995
-753996
-547995
-753995
-547998
-756995
-550995
222005
-550996
224997
-559996
222004
-571996
219004
-580995
210005
-592995
177004
-600999
171005
-600995
162004
-615994
153005
-618995
132005
66004
-675995
-143995
-149995
-164996
-162003
-164996
-170996
-170995
-173995
268672
211688
159747
-202221
186005
568008
450006
110005
789006
544008
417004
764000
123002
547000
345004
753000
95000
529006
339004
89003
743002
526007
336004
741001
117003
523006
321004
739001
505003
117007
723000
496004
65008
708000
493003
44007
692003
493006
487003
665005
487004
641006
484003
611006
542003
486999
530004
481008
527003
412005
506003
414999
479003
417992
453010
420984
420008
405003
423978
369003
424005
324003
424004
279002
424005
271001
400006
231998
388007
382004
231997
379006
376005
234991
373003
225004
197003
247005
238004
182990
185996
220005
196003
180001
193005
180003
163002
182003
184994
121005
91003
171005
93998
96990
77999
995
999
-634471
-633994
-676996
6959
-679995
9953
-703995
-703993
-701002
-698008
-695010
-708989
22020
-726993
25999
196005
106005
-43988
-53967
-109994
-141969
-163958
-164958
-443991
-457956
-476962
-580994
-673994
-673994
236008
218007
202984
-470496
219939
-185994
137939
206002
-89993
102005
-89996
185005
39005
110840
-129022
3005
77003
-129019
-47996
83001
-129019
-74996
61002
-134995
-89996
-174021
-107995
-176996
-116996
-174004
-119996
-278995
-305996
-317999
-332999
-355996
-382997
-403997
-443998
-449996
-455996
-458996
-458997
541004
541004
541004
546997
511004
484004
466004
445004
427004
418005
394004
379004
367004
355006
328005
298004
280005
247004
226003
354005
348004
333005
327005
321005
267005
-228396
584584
716005
203005
-30021
170005
-27028
155004
-24035
149004
-26996
146004
-24004
148999
-21010
143004
-32996
143004
-56995
137004
-76021
134004
-81996
125004
701003
104004
674004
101004
653005
98004
629004
89004
587004
91997
572004
83004
569004
80004
571997
77003
527004
65004
500004
65004
476005
59004
473004
50004
469976
50004
466979
38004
464005
38004
463980
460981
164003
460979
152003
457979
146003
448978
140004
443986
131004
443979
116005
106034
426004
405004
401979
404973
407966
410960
407981
336004
231004
219003
216003
195003
189004
216596
207609
-428567
-446524
422006
11997
224979
-446995
14982
210006
-461995
17988
201005
-479996
20968
183006
-485995
23977
-491996
12003
171005
-506996
9004
165005
-516999
9003
135005
449003
3
129005
425004
-2997
111005
50004
210003
108005
50005
210003
102008
47004
99003
195005
99003
144005
230004
99003
96004
90005
69004
33005
-8996
-68041
66005
-234998
-261994
-336002
-350997
-362995
-368996
-381021
-389995
-416995
-443996
514006
490004
492973
484004
481004
475006
469004
463005
457004
454005
412005
396978
-363375
-375371
-636466
-354454
-372995
90007
-381995
-507994
-351997
-171998
-379004
-513995
-375996
-254997
-513997
-376010
-384995
-387996
-511002
-393995
-405997
-525994
-399995
-411997
-544018
-405996
-417998
-561995
-405996
-438997
-588995
-408996
-447995
-420996
-462996
-429995
-477998
-624995
-446998
-633996
-454999
-642996
-463997
-654996
-474997
-657997
-489999
-664028
-496998
-669997
-513996
-687996
-520998
-529998
-546996
-555996
-700996
-814996
-829996
50005
41005
38004
40997
41004
43997
38004
-396996
95812
515319
84006
548007
187005
557007
66006
551004
39005
487980
539004
36005
485004
539004
30005
479004
512004
18005
469978
506004
5
467004
497004
-17995
449004
443004
-41004
412982
260003
-51998
403981
218004
-61002
398004
203004
-68000
239003
194004
-69000
206004
185004
-75000
197003
179004
-92001
191003
176003
-104995
169981
170004
-110996
172973
155005
-113999
172980
152004
-120002
164003
-128001
137003
-131997
101003
-158009
77003
-154999
-177099
805004
785004
767004
755004
728005
719005
686005
683004
482608
478618
457629
433639
-319132
-213994
-336996
-226994
-226996
415006
581003
-232994
397005
-235997
410005
355005
-244997
380005
319005
368003
-256995
304005
-262997
359005
271005
-268997
350006
188019
160440
-325997
143002
338006
-334996
142998
332006
-340997
145989
311006
-347021
146001
302006
-344028
145002
290007
142996
-343996
263005
542003
139002
245006
139998
15003
236006
140002
-86997
224006
-116997
134002
221006
-122997
135001
197006
-155997
191005
-175998
138000
193999
140992
-202997
191005
141000
-247994
-274997
126003
-277996
107000
-289995
98001
-298994
695003
85124
68645
686006
44002
683006
-38997
680006
668005
116004
-647329
-635165
-656995
-637994
-599995
-643996
-611995
-649996
-617996
-649996
-656996
-649997
-663018
-658996
-666018
-664996
-751996
-724996
-505994
-751994
-511995
-769996
-520996
-784996
-826996
-527020
158004
-539021
128003
-577996
113004
-598996
-619997
83004
49007
-643996
14998
-658997
-12002
-679997
-28998
-703997
-51002
-65999
-76998
-80998
-87132
-97998
-97958
-95000
-96000
-96288
-205996
395502
572007
116025
207005
207007
299005
170004
195006
269005
198004
189005
257005
195004
180006
230004
109004
174006
198004
174005
94004
170982
73004
492005
50004
480010
47999
455981
43009
437981
43006
417004
38004
405004
19006
395981
17002
395976
14999
396004
8004
393003
2003
381003
-7994
303004
-17002
210004
-30998
201004
-39994
192003
-51002
180004
-57999
165003
801006
150004
460640
-434994
22003
126015
15005
-11997
78005
-449994
-59995
-67995
-459021
42998
-67997
-461995
150006
-68996
-74996
-68000
-459024
-429994
-461996
-452993
-69992
-476995
-462019
-73999
500008
483007
-75998
-464994
-464996
-73999
-83005
-470995
-125068
-473994
-482996
-171993
-216996
486981
-231996
463006
445005
-267993
-303995
-303996
-232021
-256018
-329993
-359996
-384021
-377996
-416994
-431996
-437996
-437996
541004
514005
478004
420979
414981
403004
394004
388005
379003
375980
373004
319004
316004
313004
268004
244004
225979
208004
205004
-409335
-415285
-422990
-822994
-427992
-449992
-433995
-538017
-444992
-473995
-473993
-570995
-501993
-485996
-533992
-582995
-488995
-563995
-609995
-595992
-515996
-630996
-616994
-663993
-696995
-458020
-674994
-765994
-463996
-689433
182005
-706996
-461026
-729993
170004
-743992
-467019
-768879
155005
190007
-497022
149006
111008
141004
-607996
53004
126005
31003
-629004
16997
108004
-625997
0
99004
-628997
-17999
90004
-628996
-31004
81004
-651997
-58004
75004
-660996
-91657
-658003
-128996
-655009
-215995
-652016
-335995
-649047
-658019
-663996
-679020
-236469
-763999
-233995
-78994
-239995
-195995
-263995
-225996
-281996
-342995
-279003
-345995
-308996
-366996
-362996
-372995
-374995
-384995
-395996
-393995
-428996
-714998
-446996
-408996
-491996
-420996
-533996
-739998
-551996
-423995
-569995
-734999
-432996
-578995
-731997
-596996
-733998
-602996
-441996
-614996
-453996
-641996
-728998
-468996
-724000
-724997
-477996
-492996
-719997
-722000
-504996
-728998
-516995
-740002
-752997
-781997
175004
129004
69004
63005
45004
9003
-17995
-56996
-65996
-63003
-62995
-227946
121794
-114993
104006
50051
-86997
83005
-129994
40035
62005
-138995
50005
-147994
20005
38042
-177994
5004
-186994
28059
2005
12026
-12995
88016
-35995
-18967
-53994
-36995
-59996
-42995
-202996
-51994
-65995
-63995
-71994
96984
-204996
-275995
-209999
-287995
-210998
-299996
-213002
-320995
-227997
-341989
-255994
-356995
-281996
-377995
-287999
-392994
-316998
-413994
-386995
-353635
-422996
-461996
-527999
-587177
-622995
-643995
-646991
-652988
314005
-650018
344005
346980
202977
205970
208962
211954
211976
208980
211972
185008
180984
154001
58001
22000
-244999
-250999
-266024
-280999
-280999
-290000
-344000
-358999
-409999
-442999
-449000
355000
-461024
355000
-458023
358000
-464000
358001
349001
343000
337000
455001
452000
439976
442970
440001
344992
416000
332997
317998
398000
305998
282994
273997
149732
-291018
116008
-477001
-447996
82004
-477999
-477997
25004
-475007
-38997
-477994
-486003
-481021
-59995
-487009
-71997
-483994
-514999
-83997
-501995
-527997
-552996
-155994
443003
-266997
420005
408054
-290997
408005
393004
366004
363004
354003
-410997
318004
-422001
324005
297004
318003
-442997
264004
264002
289005
53170
228004
237003
207004
218981
171004
218973
144004
221980
132004
189004
105004
174005
90004
174005
176997
177004
177004
177004
174004
162005
144004
131981
108004
81004
-340780
-231874
-642861
-706608
-703597
-335019
-237996
-383032
-240994
-379996
-240994
-415996
-238002
-451996
-237996
-535996
-622998
-536003
-637995
-532996
-658996
-530009
-691996
-541995
-703995
-556996
-715996
-584996
280998
-629996
277015
-644996
268006
-668996
262004
-704996
244004
268005
238004
141980
229004
144971
217004
135978
157004
73003
130006
122004
124997
121997
125004
119004
95004
-3995
-27996
-42995
-48996
-57995
-78996
-90996
-270001
-598997
314004
-658069
287943
152952
-283498
-238996
32007
255006
-256996
-351994
225005
-372997
-280994
204005
-462997
-280993
171004
-484002
-289994
156998
-301996
-484018
143001
-484021
-337995
128002
-397997
-484021
108003
-484022
-427995
99998
-471997
90000
-501996
89002
-588996
78003
-615996
76004
312003
78001
255004
78004
189003
66998
40980
179974
16654
153003
-23995
96004
-59995
69003
-80995
-119995
-224996
-284996
-347995
-392996
-459996
-486996
-489995
-507996
5576
49967
308461
77005
21
426009
-14998
74006
390005
175003
76998
350974
50004
353966
20999
356959
-10996
359953
-24013
362947
-30002
365940
-43996
368933
294004
-59997
288005
-68001
290997
-80998
290978
-81999
279004
901003
267005
868003
249005
847003
236981
830003
350003
751995
347004
755004
332004
742005
205980
744997
205982
747990
196982
732997
196980
736004
190979
727004
173004
694004
137004
670005
92004
637005
89005
613005
83005
610004
74004
562005
50004
253001
797980
248003
783005
238005
765004
218003
191004
732004
155005
723004
141000
708004
130003
690004
684006
686998
-321996
-315996
-327996
-328025
-339997
-372996
-384995
-400023
-420999
-459999
-492999
-711026
-708013
-705020
-705009
-705015
-699001
-702000
-690001
-693002
-741000
-387096
589043
447242
441276
604007
541005
570008
568005
511003
440982
468004
535005
438003
502006
356005
490004
437980
484003
431982
303005
384999
403005
162004
374976
178004
51005
358969
-11995
343969
308005
-17995
291968
-17996
216003
-15003
117004
-56996
96005
-95995
98997
-110995
69006
-149996
6005
-176997
-20996
-185998
-32996
-185996
-42019
-197996
-47996
-221996
-53995
-33995
-65996
-63995
-95996
-78995
-152996
-105994
-186996
-129996
-189995
-144996
-192996
-171996
-183994
-198996
-216996
-204996
-246995
669004
-252995
660004
-282997
510004
129004
349003
328004
304004
280004
247003
214004
193004
172004
145004
17790
-722793
-759804
-454995
183009
-549995
-466998
119972
-735996
-481997
95986
-750997
-493997
63004
-768996
-517997
45006
-783996
-538997
12005
195004
-553995
-11994
186003
-589997
-17995
179025
-592997
-23994
-592997
-65994
-104993
-601969
-634539
-664997
-143995
-662008
-191994
-212996
-659000
-246004
-658993
-242997
-697995
-263996
171004
-299994
-350995
201004
-377994
168003
-392994
-443995
159007
-455995
141007
-458996
-453002
-450009
-449996
-447002
-470996
-539995
-599995
-683995
178005
115005
76004
70004
64005
61005
63997
55005
49005
40005
31004
16005
7005
1004
1004
1005
-4995
-13999
-23000
-26000
-40999
-55999
-55999
-53007
-56000
-59000
-71000
-103999
-160999
-184999
-254036
-572999
-579000
-579024
691824
594137
-38667
139018
312005
567009
643006
567003
216007
655004
210003
570001
565005
204003
523004
188980
502005
707997
180005
500995
670001
177005
499998
661002
171005
502989
638997
144005
503999
779002
45005
506993
21004
509986
5980
683006
512979
4
515000
-17995
517991
587002
-41995
520984
-86989
522000
724004
521000
636004
487999
441005
424004
426004
406004
418999
394004
405002
340004
277002
307004
223004
232004
202005
217005
-20996
199004
-77996
190005
850005
190004
838005
184004
835004
178005
805003
169005
163004
263003
157005
200003
159997
125003
133005
135997
138990
141985
141972
133003
127004
106004
45004
3004
-44995
-45020
-45019
-42027
-47993
-54000
918943
606986
609999
595000
592000
594993
589001
586000
574000
562000
505001
426999
-695573
182528
152006
-576994
131004
-542001
-354995
92005
-357994
29004
-357996
-45995
-355002
-69995
-357995
-120996
-355004
-169020
-360995
-198996
-358004
-246996
-369995
-259020
-378995
-268020
-393995
-274003
-396994
-270996
-402995
-268010
-411995
-273996
-432996
-297996
-462995
-318997
-502000
-316004
-516995
-342997
-543997
-342996
-591996
-397041
-624996
-416026
348005
-413997
297004
-411004
-416027
-492026
-561998
-585996
-588996
384004
345004
315004
279004
237004
207005
163004
43004
4004
-28996
-64994
-100996
-151996
-220996
-271995
-307995
-310996
-325996
-482003
-478996
416000
356000
329000
293000
295993
298987
301980
299000
301993
293000
221001
140001
107001
86000
86001
68968
58965
-27560
-169539
-457994
-188996
-753992
-568995
-774996
-193974
-637995
-801997
-199995
-703995
-831997
-204996
17981
-855997
-202005
-168052
111004
-209995
-165039
63004
-215994
-162060
30003
-215238
-163017
15995
-233996
-199996
-45003
-300997
-81998
-402996
-84000
-420996
-87996
-453995
-91998
-453996
-91996
-477996
-90000
-522996
-89996
-522997
-87003
-520004
-84998
-517010
-88997
-89996
-513996
-106996
-531996
-546995
-600996
-679999
-763020
-778024
-775039
-772046
-773037
-770048
-781019
-778039
-636362
-586401
-587995
-489995
-755990
-659996
-836996
-491997
52003
-695996
-505998
-722996
-510996
-518998
-465016
-768993
-475032
-816997
-520997
-526004
-843997
37004
-530997
117003
28006
84003
-528004
60002
-539997
-537013
-2994
-35997
-538000
-44996
-553000
-83997
-604419
-113997
-662994
-152997
-680995
-701997
-170995
-197997
-707994
-248995
-278995
-278995
-293995
-323995
-583996
-373024
-400999
-456995
-528995
-575987
213424
32801
419007
427004
816007
374004
424004
780006
323004
418003
546983
415003
949005
415003
832006
715003
412007
409003
559005
411996
511005
430003
406005
394003
346006
394003
295005
396996
259006
172003
388006
160003
388005
93003
388005
382003
95971
379003
98965
-623997
-901018
-626997
-898025
-629997
-366996
-641997
-367019
-612998
-372995
-653996
-379019
-686997
-382018
-698996
-396995
-420996
-710997
-462995
-716995
-504997
-731994
-749997
-537995
-752000
-567995
-765998
-612995
-782999
-672995
-91998
-708995
-100997
-792995
-109994
-286996
-118996
-136996
-159996
-174996
-198996
-270996
-855996
-6406
-864561
-54994
-863996
-660992
-52003
-343997
127004
-696995
-84996
118004
-705995
-87996
106003
-736994
-85003
106003
-760995
-109024
106003
-784994
-393996
97004
-808995
-504995
97003
-826996
-504996
94002
-832995
-619017
85003
147005
-686024
85003
138004
-690016
79003
120004
-696020
79003
105004
-704998
70003
87004
-708996
67005
-720996
61004
-735995
55004
-733012
49005
-730018
37004
-727025
34005
-283996
31005
-400996
19003
-613996
9004
-655996
-74995
-679995
-133998
128004
-135997
38005
-169997
7980
-172998
-87995
-179999
-147996
-177005
-175998
-192999
224999
-20378
-56361
455215
-130257
278007
457992
680013
251006
458005
455005
784003
248005
457997
727004
-61995
239004
461004
-85995
419004
869005
410004
839005
392005
818006
389004
194005
383003
793986
338004
797003
317006
794004
272004
791005
209005
389005
125004
326005
67005
287005
13004
793975
815004
679004
806005
625004
803005
415004
803005
316004
788005
244004
770005
195980
758005
15958
747005
854004
741006
839004
735004
839004
723005
806004
702004
806004
687005
794005
657004
791004
615005
788005
790998
791005
788004
788005
-589294
-722732
-527116
214005
9008
-57994
255003
-675020
-42996
-427998
-672030
-81997
-669040
-612993
-102996
-666046
-657994
-105995
-666020
-123997
-673999
-663027
-159997
-663022
-683996
-201996
-666021
-692998
-228996
-678022
-698997
-273996
-700999
-689995
-291996
-687038
-318996
-684045
-339996
-681050
-375996
-678057
-384996
-681017
-408996
-678025
-681021
-681020
318982
313004
315997
316004
247005
-262997
-503995
241004
135005
117005
-13024
146892
97290
97293
88328
532706
69007
73004
33006
244004
-44995
-19998
-68995
-205997
-89994
-196996
-270997
-280995
-289997
-312995
-312997
625976
480760
-310002
-316010
448006
-313017
427005
391003
-309995
355004
-307021
357995
155006
240003
360991
355003
225005
334004
207006
286002
142005
232003
115005
234997
237989
82005
229004
175004
133004
135997
130005
127004
124004
102967
85005
4004
-58995
-79996
-205995
-232995
722004
674004
605004
524004
485004
422004
347004
284004
284004
248004
245006
215004
161004
146000
107000
-189999
-175002
-196000
789000
791992
723000
710962
681000
624000
580000
577000
562002
520000
502000
502000
502000
465999
463000
456006
455976
-418015
134987
126040
-319996
-346995
99005
-388996
9005
-8996
-469995
-11996
-499996
-14996
-675994
-26996
-647996
-59996
-653999
-59996
-57003
-675998
-54009
-682999
-53997
-702997
-51003
-720996
-50996
192004
-48003
138004
-47996
123004
-50996
108999
-62996
-71996
-71995
-74996
-74996
-137996
-251996
79004
-257995
-299996
-368996
-395997
-407996
-422996
-479996
-531996
-573995
-585996
-609996
309005
276005
166981
-20003
-39996
-138997
-171996
-192996
-213994
-249995
-282996
-297996
-339996
-375996
-387999
-403000
-406000
-442000
-502000
-523000
-556000
-589000
348000
436890
102955
407007
97004
496009
341005
10004
287005
-34996
332005
466004
296006
136005
290005
67004
281004
43006
272004
19004
269005
-31996
8003
-155995
254004
-161995
206004
-161996
197004
-161996
152004
-161996
119004
-164995
-995
-206996
-33996
-242996
-45996
724005
-54996
703004
694004
255004
688004
237005
688004
231004
685004
231003
637004
525004
622005
495001
624997
450002
627990
446003
628004
431003
619004
410005
598004
398004
499004
392004
442004
377004
424004
365004
421004
356004
412003
353004
406004
353004
376004
335004
295004
326004
271005
299004
256004
251004
253004
233004
253003
223004
181981
49982
7967
-18997
-33991
-96995
-138995
810001
804001
783000
738000
702000
626973
608975
611968
236146
-146028
-642988
-150023
-211993
282006
-249982
-156015
282004
-276994
-171025
282003
-288998
-183018
-294007
279006
-193015
255005
-205016
249006
-284998
196005
-344996
187005
-342032
185005
-353996
-356996
-557997
-356996
-620995
-471996
-259999
-504996
-257005
-531996
-260997
330004
-265999
318005
-263005
231004
-266997
129005
-264005
96005
-269997
75004
-279997
29978
-311996
-113996
-316996
-278996
-339996
-326996
-374997
-326996
-373998
-326996
-389998
-326996
-397999
-522995
-422998
286976
-452995
177981
-500996
97002
-527996
94004
-560996
364004
289004
283003
268004
232003
193004
148003
190690
424920
-131996
320006
144006
590008
-178998
314005
575003
105005
-195999
582006
536003
90005
461002
525006
531002
87005
425004
341981
498003
84004
410004
341983
486002
75004
398003
311979
453003
48005
20967
371006
411003
48004
317003
-126996
402003
314005
384004
308005
342003
284005
276004
272005
278996
254005
281990
236005
258004
221005
194997
197005
137004
83006
-33995
-51996
-72995
-90996
-113996
-152994
-173996
-197994
-224996
742005
239005
218004
209004
185005
173004
146004
134004
-79307
806705
37768
93004
14007
215008
695007
7976
647008
10968
563008
9984
521002
12971
450009
12979
396006
-30020
354005
-36018
321004
-90022
297005
847004
255005
841005
219005
832004
173990
784003
171005
750978
180004
741979
150007
739005
-3995
732981
-33995
718004
876006
691004
876005
642004
870004
644997
869998
642004
873006
644998
875991
647991
873005
639005
627003
68005
573004
459008
366003
317972
320980
218979
72005
45004
-26995
-41995
-50995
907006
909996
907005
881954
869970
820976
666002
596003
560004
527004
521004
479004
416001
389000
322929
325921
211999
212000
43575
43553
43555
-596274
-625993
-603995
-619999
229007
-612998
-676997
217005
-617002
-685997
204980
-620997
189976
-694995
-624001
154003
-724995
-627999
221004
-659000
66953
223997
63974
188005
20003
63979
146005
-306996
66971
134006
-324995
66977
131005
-337995
63979
79005
-352995
61005
-376996
58004
-394995
55005
-427996
45978
-445995
4004
-466995
-76996
-520995
-94995
-556996
-139996
-590995
-244997
-620995
-292996
-678996
-331995
270004
-439996
240004
-433996
210004
-440022
-448996
-460995
-469996
-472996
-44995
-123020
-135020
106006
-259025
303032
-253391
303006
657007
369008
300005
594008
302974
402008
498005
376008
347009
300005
320006
216005
234007
-124995
192005
183008
-164995
-62992
165005
-76992
-200995
152981
-122994
-218995
-202994
-216999
93004
721006
-214007
33004
-212992
718004
-212996
-17994
661005
728008
-45021
431006
601007
409003
-59995
580006
361007
164008
-65995
547005
-114023
511005
-155995
505005
-194995
502005
-200996
496006
-218996
484005
478006
398982
475005
370969
98000
361969
332976
292963
231004
137988
141004
129004
111004
81004
36004
-146996
-188996
-167996
-182996
814006
767965
639976
403004
325004
-158190
-177995
140038
-198995
107010
47983
-358994
49136
49966
47983
-201995
49973
50967
-388994
52959
53956
-222994
55946
56941
563005
55983
41987
-228994
12007
530005
-18992
-38991
-248994
-60992
-62991
-302994
-219993
-236991
628005
558008
418009
559006
393008
349010
541006
211007
529006
164009
505006
138008
481005
463006
427005
349006
313007
283007
268005
-27995
253006
-88019
-96994
-191022
622004
94978
616006
616005
607005
538005
337006
-133996
277006
496006
296763
-275096
-29447
374481
-382508
222006
-396997
556981
99004
-417995
-8995
561003
520980
-325996
-11995
467003
549006
484004
-32995
428003
540006
403005
-44995
432001
380005
301003
-44995
208003
-226021
244004
-50995
193003
-234995
232005
-68995
154003
-234995
226003
-74995
-17997
-232002
220003
-89994
-229010
-95993
214005
-95995
-228996
208003
-104995
-226003
-354995
205003
-110995
-223009
205003
-134995
-222996
207996
-159975
-198552
-280995
-244997
208005
-319996
-358997
208004
-349996
575003
205004
-355996
482003
196004
611004
407002
163004
344004
142005
323995
315000
302004
145004
121005
100005
552003
107960
507006
413002
71974
417007
398001
-181994
368001
-196995
326060
-232995
-267996
695004
294004
665005
678004
626969
462003
589980
414005
208003
345005
196004
123005
196004
366003
193004
351005
187004
-183997
160004
-204995
97004
413005
37005
377004
-1996
-43995
-73995
-76996
-94996
-149025
-161020
-173021
-181996
-199995
737005
683005
644004
581005
553004
502005
385004
372980
343004
322004
280004
223005
136005
714003
711005
708003
690004
633004
555004
549004
525004
522004
521009
500007
485000
470000
434000
383000
338000
311000
284000
286993
-16384
546748
750473
-13000
720005
7006
-12994
504003
30006
-10003
65004
190978
-7008
198968
-18994
68032
-42995
2005
912005
888004
855004
768004
816005
728005
783005
677005
741005
641005
702005
635005
648005
626004
627006
620005
579005
593004
480004
587005
575004
545005
494004
476005
478974
478979
-544996
-577996
-646996
-706997
-715996
-719021
-733996
-734020
-772996
-805996
-877994
-937995
-18996
-78995
-129995
-160997
-166996
-245020
-548998
-585997
-657996
-765996
-422699
62990
-141991
35005
-171996
-503993
29005
-661997
-225994
-994
203999
-264994
-24995
-236997
-318995
-129993
-242997
-366994
80994
-317997
-396995
83981
-342009
87004
-339003
72004
-335996
-198995
-339022
57004
-359996
-300995
-362996
51005
-371996
-17996
-435004
-55996
-431996
-76995
-476022
-76996
-523995
-94995
-553996
-112995
-562996
-154995
-583994
-218996
344004
-231996
290005
-252999
287005
-266997
289974
159003
287004
-340995
289973
-373997
284004
-388995
233005
99003
185005
-415996
133978
60000
70977
6000
67981
-250995
65004
320941
62004
279004
64972
243003
61979
267004
50004
37975
-321995
-407019
424982
406975
385969
303003
241004
172004
154004
370662
77720
328005
216415
821007
272011
289008
337005
251007
485010
387010
206005
49976
375006
174006
145008
324006
114009
76007
-24989
279005
90003
240005
-41991
-64992
-115994
804006
727006
183007
685005
147005
662008
648007
126005
630007
663004
604006
639003
586006
600005
555005
534005
661005
516005
498004
598005
489004
580005
486004
541005
483004
474004
514005
435005
466004
433004
346006
807885
760005
138007
-11995
835005
75003
34004
-33994
148004
760004
31004
913010
809006
874007
827007
700008
782006
655006
731008
636008
628004
571998
577005
522007
505009
562005
499005
494008
538006
491006
489005
517007
490001
502005
492992
485007
463010
405013
352004
403007
244005
391007
190006
382008
132011
364008
355005
352006
334006
304009
286006
256005
224031
206427
176007
133006
91007
-935994
-966993
6007
-29993
-315997
-134993
-337999
-656993
-710995
-719993
-737993
-755994
-863989
3481
401579
350003
-571017
-138994
77006
310002
-568030
278002
-171995
-15993
243967
396006
-228996
205005
-156994
79007
363005
-348996
-222995
365972
-255996
-354995
365976
298003
147029
363004
-503001
90003
243005
351005
198004
66005
239001
63003
141005
209005
99006
122005
-480995
122005
-57994
122005
124998
-381995
127967
-502988
119004
-544982
59005
189024
20005
-15996
-18996
-54996
-99996
-220023
-358025
-485048
309003
231005
222004
204004
115068
87061
12014
-271989
-731980
-527994
-310997
-341997
-521017
-575995
-364994
-233994
-452992
-232984
-735996
-672995
-287994
-38995
-452959
-302994
-68995
-770994
-451960
-95995
-384068
-122995
-178988
-461996
-286995
-531001
-506995
-322995
82006
-760951
-349995
-156995
-379995
-207994
-400995
-236021
212037
-427996
-234994
-457995
-244994
-485996
-292994
-379995
86007
-436994
-434003
-431010
-428015
-442995
-440029
-437036
-434042
-437018
-434024
-442995
-496995
-575994
-653994
265007
154006
109005
27006
-50039
-42994
-129994
-451994
-487993
-541995
-586994
-622994
-667995
296006
245005
212010
176010
271009
164002
173925
313926
-279010
258006
-284997
-165994
-295992
388005
-10985
-165995
-303998
128007
-308000
267005
-333992
80006
-344997
376006
35005
624005
587008
-291966
177006
2005
274006
120005
-30995
54005
-75996
74010
-53994
-83994
-143994
-141001
-140995
-177993
-180994
-246995
-258994
-199994
420004
411006
411006
405006
360005
309006
273005
243005
180006
126006
111006
84006
48005
6005
-157997
-140996
-177999
443980
440983
441005
438006
429006
422981
342006
492004
284978
207005
132006
72005
-77995
-162002
-159002
-155948
-156027
-194999
768975
774968
774977
766001
760001
718001
706001
351001
363000
336001
315001
279001
268002
216001
8782
62789
-17200
-291995
-200995
-342996
-227996
-382996
-320996
-403996
-353996
321009
-442995
-359995
-460996
-357003
-364999
304005
-401992
253005
-422995
34004
-464995
4005
-474632
492004
187006
438004
-61994
151003
336006
404003
288996
233000
88006
192630
181606
-145991
171256
169160
25006
162007
-193994
158000
-259995
153005
-336995
-378994
-444994
474005
468006
456007
393005
375005
318006
273005
252005
216005
82002
84000
74999
40002
-22997
-60002
-84003
-112996
-137999
-6996
417006
-48995
-153995
-219995
466004
-334930
156999
468975
121998
621001
612000
83000
591000
47001
582001
549000
17001
351001
513000
498001
9640
-372995
-116994
610019
436997
-212993
547005
383002
237004
460005
171004
351005
385005
117003
336002
358006
87004
305003
331005
63003
276005
322006
246003
14005
268005
-180997
180005
209005
-300998
129005
179005
642004
120005
244005
503998
114005
137005
408000
114006
95005
126003
116998
50005
105004
44005
93004
14005
84005
-48995
24004
-120995
-74995
-182001
-114998
-253995
-163997
-310995
-189001
650003
179168
612000
575005
540999
512003
499998
481000
465004
-212000
154004
567587
572562
-60904
541007
-135995
536009
-78998
-201996
514004
410007
-92997
508003
314003
-279992
-112997
302004
508006
-136999
502003
245005
-163999
457006
185006
-199998
394003
-253995
-231998
370005
122002
-301994
-331996
113003
470005
569004
101003
455005
539004
65003
419006
530004
-45999
404005
518005
-90998
392005
479004
-90001
296005
452000
-92998
422004
-159996
362004
-183998
274002
388005
272998
370005
259002
295005
234001
244006
134997
193005
80998
190005
428004
165005
111005
60005
-689419
-710406
-728397
-806387
-605390
-559995
-537994
-604994
-350996
-579993
-613996
-376000
-609995
-856996
-22022
-425999
-639995
67004
-179996
-469000
-648995
25004
-720995
-495999
-660995
1004
-742022
-503000
-720998
-31997
-805022
-505998
-819994
-808021
-49998
-518001
42004
-71003
-861995
-544995
-90004
66004
-567996
-164000
-579996
-210999
-609994
-279996
-666994
-346997
-715995
-379996
-784996
-418995
152002
-436995
76002
-469995
36997
-517995
16005
-2998
-262997
-10002
-153995
-38999
-758995
-49001
-785995
-72001
-797995
-128997
-159995
-539997
181005
163005
-201996
-229995
185622
730850
611693
95005
707007
-120645
-231996
617007
742005
-120294
693004
560006
668003
-151996
503003
522001
620004
-166996
422005
605005
-205996
392004
551005
740004
394969
524005
677004
335004
607005
620004
335004
553005
335005
395005
617004
329004
359005
88979
326004
68004
263005
47006
242005
49997
-121015
209005
170004
70977
122006
747005
59005
448005
602004
403004
563005
382004
521005
318979
455005
321971
383005
321980
320005
321976
278003
324969
270003
325004
252000
321009
218003
321004
183007
321004
41001
321004
8006
323969
-1
324004
312004
225004
159004
-485250
-445248
446006
-455992
224998
-31994
359004
480979
125997
27232
483972
69002
467004
369003
481005
86911
458005
342003
463005
60003
419005
436005
29069
418004
4
355004
-246995
336978
-358996
327980
-397995
301004
283004
193004
-232996
-395996
-407996
-428995
504981
448004
319004
247004
148005
115004
115004
111981
114974
114980
73004
66981
63980
54980
-13996
-109995
-160995
-178996
-193997
-211996
-221021
-219028
-222019
377979
377980
372004
347980
312003
243003
213004
189003
165003
-32578
-365996
-620998
-420994
-662003
-459995
39003
244003
-477996
179795
-483996
160000
-498995
150003
-501996
151002
-522996
151003
-528995
136003
-534996
-570996
-627995
-677051
224975
45136
-6997
-12995
-21996
-432996
-432995
-456996
-456996
-454003
-459996
-465996
-513996
-603996
150004
123005
96005
24004
18005
9005
-14995
-32995
-101996
-110996
-119996
-140996
-152995
-209996
-320995
-400033
-167996
-173996
-173996
-182996
-230996
-233995
-233993
-231032
-234000
-273000
-288000
-348000
-427000
-490023
-508000
-511000
-508030
-514001
-511008
444000
-642312
-617068
-259018
6006
-533996
-691994
-330996
-56993
-695995
-709996
-363997
-56995
-725995
-697997
-399997
-54001
-798996
-852993
-450997
-53995
-861995
45004
-59996
81005
6005
-669001
-326995
45005
-347997
-671995
-41996
-395997
-669003
-255994
-482995
-677995
-632996
-707996
-683995
-720994
-726996
-765995
-795994
-813996
-813996
-816996
-814003
-819996
138004
74981
33004
30004
21004
-113995
-167995
-158932
-106970
-130988
-143965
-158970
-257967
-266947
-278969
-320972
-368965
-365974
-395981
-392977
-437952
-514980
-570962
-602987
-609964
-650998
280013
274036
252034
35536
-37997
40127
-10859
352006
112984
-94997
-61996
288005
-148996
-142995
-399995
-399995
-397028
-405996
-501996
381004
303005
273004
249005
225005
212983
212980
204004
180004
66004
-38995
-99022
-98996
-98996
-104996
-110996
-150019
-204022
-216024
-225021
-240019
-315996
-420996
425954
265003
236004
221005
221004
212004
209005
119004
65004
-24996
-93995
-139032
-327995
-378996
-399994
579005
579007
543001
513000
357000
351000
81000
-83999
-158999
-320021
628978
546520
527999
340999
-411325
-370262
-429995
-498361
-625994
-450995
-685996
-465997
109004
272005
-477996
212006
-550996
170005
-556996
119006
-559996
71005
-640996
303004
-682994
132005
314004
188005
274978
20006
260004
-15995
205981
-54996
112977
-93995
56004
-108997
50004
44006
-27996
-84995
-126996
-144995
-237996
28005
-164021
-227029
-224022
-232996
-230004
-247996
-316996
370982
364982
359004
305004
164004
161005
140004
44004
-3996
-21996
-35998
-44025
-53037
-127026
-313998
-379997
-415996
-493996
-532996
-535991
214000
199000
-395366
-357069
-585992
-215995
-32997
-293995
-459994
-314995
197005
-327021
-326996
-348021
-371996
-443995
-491996
-510021
-578023
-625996
-679996
-685995
-707019
227004
104004
59004
30904
7975
-2035
-67033
-214032
-320996
-314997
269004
190979
176004
125004
65005
-30996
-78995
-126995
-168996
-204996
-208021
-474995
-514996
-535996
-538996
-574995
320005
-53997
-68996
-95996
-104996
-110996
-116996
-164996
-176999
-195000
-201025
-282000
-354000
-408000
-431000
-443026
-460999
-487999
-514999
242000
199000
420975
-65969
-21199
-210994
3006
5
-30021
-39023
-152996
-239995
-245996
-302996
-419024
-468046
326062
302026
299029
302027
287030
248029
194031
419007
56028
362005
317006
18009
317004
-191994
314004
-266994
290004
-282019
287004
-317993
278004
-317994
280997
40006
251004
46005
188004
22006
22004
170007
128005
7006
68005
-25993
-16018
-105996
-34994
-53018
-212993
-218995
-258019
-257996
-44024
-257995
-38038
-263996
544001
-41024
528977
237001
-88022
233977
189001
-97041
-155036
-291028
583999
-235572
-486990
-274016
-562992
369009
-169982
-310014
309006
-477996
216005
-237974
192001
-516993
170007
157008
-313984
-537995
140001
435005
429005
309005
291005
240006
138006
135006
-235963
123006
75005
-243964
-89989
81016
-146991
-161995
-159027
-161996
-167995
-179994
-242996
91005
-249020
-248996
-251995
-455019
469977
428005
430997
433962
433980
428005
392006
335012
314009
236006
149954
-11025
-94026
-117996
-162995
-168995
-235003
-231995
-424995
515006
515005
493966
452012
341001
292975
239001
155001
176000
140000
128001
231471
-195982
359002
52008
-5996
183002
13003
278004
-86996
78003
207003
165006
390005
-50995
171004
402004
-210995
153005
360004
-249995
60004
348004
-282995
-95996
324005
690005
-161996
297004
663005
-212996
255004
609005
-254995
161978
-133995
703004
135005
546005
120005
-41996
54004
-113994
-14995
-152995
-52024
191005
567004
-158997
237005
-173995
237004
-185995
231003
-188994
195004
-200995
174004
-227995
138004
727003
111004
701001
667003
-11996
589002
-17996
557002
-44996
513998
-134031
510005
773968
492005
668984
471004
607003
455005
677000
434005
568002
425005
454004
419004
412004
361004
481761
-158995
744006
266000
-39990
13005
696005
249004
-125995
609005
237999
817004
579003
202001
505004
534003
181000
463005
486005
152003
427004
456003
140000
403004
108000
420006
384004
69000
771009
342004
53001
756005
23005
279010
456004
249003
6003
420004
186005
414004
137003
159004
98004
808005
38004
793005
394004
745005
342005
694004
780006
648978
550999
580004
766004
580004
712005
558979
673005
430004
637005
540003
613005
506966
585979
486003
479977
482969
480004
468004
470996
-522251
-358776
-700415
-823997
-256995
-730995
17005
-292995
-790996
-186996
-328995
-258996
-391995
-295024
-439995
-309996
-490994
-331019
-535995
-489996
-574994
-540996
-634996
-585996
-276998
-745995
-664996
-748996
-757995
-769997
-796996
164004
98004
-67025
-214028
-310997
-683020
-772995
119004
-175996
-193995
-193996
-220996
-244995
-242004
-271996
-307996
-325996
-370996
-553996
-718996
-7018
-16018
-19016
-55126
-158997
-212996
-230996
-257996
-290996
-305996
-317996
-670996
364727
162531
316005
67008
397005
936004
253005
906005
241005
855006
202005
819005
969
-234994
-213997
-306995
-291996
-349024
-303996
-435995
-312996
-486994
-318995
-531995
-330996
-929996
-328003
-325010
-953996
-327996
-348995
-433035
-477996
-555995
-600996
-615996
-636996
-663995
-661004
-756996
-754003
-778996
-820993
-877996
-919995
47004
32004
-996
-90995
-202996
-250995
-283996
-556997
-858040
-489995
-537996
-576996
-627996
-669996
-690996
-763995
-781995
-830023
-117995
-471021
-449029
-597036
-782001
-779016
-776023
-773030
-773001
232640
93833
205006
509189
467200
-21994
274005
132002
184005
117003
-108994
172004
-138995
77000
160004
-204996
19003
139004
-293000
-57002
94005
-439995
-101999
37004
506005
-213997
-43995
455004
-279995
-37996
413004
-334996
-124996
371004
-361995
-169996
350004
545005
-167004
305004
269005
498004
197003
227005
492006
-64995
483005
-103996
468004
6003
420004
-20995
377004
-239995
377004
215998
379997
192005
377004
339004
333004
228005
182975
84004
165004
165005
93004
66004
21004
-12003
-8996
-35995
-71996
-258995
-336996
540004
519004
23004
516004
462004
399004
-383763
-466721
-346787
-320993
-546996
-457995
-538995
351006
-472995
-565996
-505996
-526995
-580995
251005
-586996
165004
392005
34004
359005
-76994
344004
-55995
254005
-190995
158005
398004
68005
353004
59005
329004
53005
284004
52977
240004
50006
219004
38004
153004
20005
71004
-366996
-471038
354894
409977
221004
233002
26004
-105995
-106021
-106019
-117994
-129996
-132996
-135996
-153996
-183995
-201996
-267996
-270995
-327996
-373996
-406995
311005
239005
185004
137004
95004
91980
94973
86005
62020
55981
9003
-59779
184007
156005
-104995
383006
120005
-140996
341005
96004
-176996
699005
93004
757005
383005
75004
724005
143004
48004
688004
80004
30005
261005
59005
-22996
-995
-28997
598006
-101996
541004
-149995
-40996
734004
-43996
-49996
-110990
-108003
-111019
-152996
820004
799004
757004
742005
724004
670004
634004
559004
510981
355004
301943
67970
613003
580005
487004
379004
343005
133005
120979
103004
79004
68981
47979
868004
772004
745004
745005
726996
730004
715004
712004
697005
676003
622006
619000
607000
580000
515962
889000
790000
707959
576000
578992
573000
570000
558000
546000
530975
525000
519000
645769
621825
93357
70001
670007
483004
652004
-18993
468005
-90995
420004
616005
354004
-114997
610005
491993
604006
495005
580003
444005
323003
532005
484003
269005
422973
179005
304972
113005
229974
406004
388004
387980
295004
297971
253004
255970
253004
252982
223004
-13995
-40996
-86996
-119996
-170995
-182996
775004
718004
533974
216004
246003
171004
165005
117005
30005
-17996
-17996
-62997
-101989
-110996
-131996
-137996
838003
837981
840973
820004
760002
664000
624001
495000
417000
336002
113976
93000
69000
0
812986
836962
614963
591000
528999
358000
316000
253000
-630092
179368
-273995
163004
-330998
97004
76008
-258996
25003
-25996
-351991
21975
-121993
-202997
22005
-256997
24998
-10996
-172995
-187995
-190996
-188004
-185011
-202996
-208996
-223996
-229997
-238996
-244995
-268995
-340996
-447999
-546019
348973
-311996
-407995
412004
403004
340004
337004
331005
289005
210004
168004
150004
105003
21005
15004
15004
-23996
-29996
-27003
-29996
-35996
-33003
-71996
-95996
-137996
-261032
-382032
414002
378000
354001
333000
297001
240000
233006
227003
191002
129007
541007
115005
518041
31002
-63995
-103997
-288994
507030
-397007
-395997
-424995
476028
528980
458005
354021
310036
231032
218016
-231181
-432853
-120108
-749998
-560034
-397025
-791995
-709006
-256996
-550024
-370997
-551046
-138001
-560021
-194000
-584030
-208999
218004
-236000
173005
-257000
56005
-294002
-12994
105003
-60995
210002
-285994
207003
-405994
209995
-522995
-696021
-196996
208003
-343995
-478997
157006
130005
-14996
-66020
-65994
-95996
-119995
-662997
118004
106005
85004
-25995
-310995
-323019
-373996
-379996
-511995
-533996
-626995
217005
181006
174979
199003
145004
118004
76004
43004
-4996
-13995
-28996
-34995
-97996
-121993
-130995
-196999
-275000
322001
200969
167994
41998
-126002
-231000
-296999
-335999
-339000
-336000
-327006
-321015
-315022
-309028
-345000
-396000
294971
292000
-334247
-645217
-58523
-518517
-348313
169018
-180996
-674997
-399995
-354996
271002
-420000
238981
-428999
208004
147967
-40998
-443997
-225997
-175997
-459001
-255996
-494998
-333996
-569996
-360996
-364997
-450996
-427995
-462996
-507998
-487026
-566995
-528996
-638995
-537996
-538022
-588996
-651996
-660997
333004
294004
270003
272972
246004
228004
219004
17981
-152996
-146996
-254995
-410996
-425996
-446996
-444004
347983
158002
-996
-192996
-259024
-264996
-294996
-342996
-355025
-355019
-352026
-355023
-378996
-570996
417004
378004
380969
371975
366000
368970
365976
363000
333000
330001
327000
321000
273000
21000
5974
6000
-36026
-42000
-51000
-60000
-57007
-114026
-164999
-289032
-208001
-261999
-273999
-348999
-355000
-357999
-364000
-367000
-364007
-364028
-364025
-361032
-358039
-375999
-384999
-427000
534000
510000
507000
411000
288000
227974
189000
177000
141001
75000
-13031
-16038
-37034
-84024
476999
157999
68000
-34000
-85025
-84999
-82007
-79038
-79000
-76006
-79000
-147999
-247000
-246999
-262000
-286000
687000
684000
660000
630001
552000
521974
524966
503978
438001
327001
166964
477000
182975
177001
-37000
-85000
-87000
-87028
-90027
867976
805001
775000
655001
625000
495967
233997
172999
143000
140000
81001
33000
9000
9000
-9000
919000
772001
711000
690000
-122739
795478
685492
503426
740008
610004
-95973
658005
520003
138000
115005
784049
580005
358003
91002
67000
369980
334004
24007
851011
-4989
770273
289005
845012
-22987
223010
89028
184006
94987
636030
148004
637976
100004
-38992
33005
-41995
-41996
-62994
-77996
895005
830004
886005
326975
803004
327982
856004
287006
764004
844005
704004
844005
680005
829006
626005
340064
248005
792998
243022
578004
730006
246000
229003
669008
243006
127004
657006
213004
642005
201004
609004
340005
525006
39980
426007
28005
428968
423011
-19990
303007
255006
941006
213008
215975
207008
5000
210004
295006
237976
226005
216997
220005
928005
793006
754005
747981
676006
-902994
-149994
-142996
-992995
-215995
-217994
-7995
-266995
-259993
-31996
-302996
-316995
-40996
-308995
-358995
-88995
-415887
-269996
-481999
-311999
-649024
-333000
-529999
-444000
-556998
-585000
-714999
-658031
-571999
-580998
-602000
-637998
-692000
-718999
-817021
-752000
-816999
-512001
-785999
-559999
-839999
55001
-34999
-177999
-216999
-261998
-828034
-831000
-828033
97000
52000
34000
22000
16001
3993
7000
-8000
-35000
-35000
-41000
-62000
-98000
-152000
-191000
-212000
-259999
-302000
-465017
-471021
-471028
-548309
-43286
-164798
-765622
-179997
-47870
-760947
61006
-443996
-129994
141005
-126999
191002
-192995
60000
-164003
-408998
-250026
-29996
-209003
-249996
-47996
-277000
-6997
-273995
-83996
-311999
-279997
-99994
-137996
-353001
-129997
-288995
-208997
-362999
-135997
-304019
-250997
-248996
-156997
231005
-322997
-317995
-204997
233970
-364997
-383995
-264997
114005
-430997
-407995
-309996
98982
-478997
-467996
-396997
93005
-508996
68003
7004
-550996
-141996
-592996
-621998
-314072
-652996
-142999
-672994
275004
-215997
-690995
221005
-245997
243005
-389996
-302997
285004
-323997
264005
-320995
266996
-665997
258005
-193997
198005
-259996
84005
45004
30004
168999
26979
15004
-79018
-422996
-450003
-470996
-516997
-555996
-582996
-582996
-591996
312004
174004
-622005
-66038
-95994
68003
-157016
92003
-324994
329008
-342986
2017
-405992
-86995
-481003
-114995
-555996
-621996
14980
-74999
-333000
-360000
-535000
155969
321001
30001
-53999
-98999
-152999
-171025
-168032
-203999
-297000
-381999
-399999
-260999
-263998
-261000
-258007
-257999
-442000
339000
315001
303001
286972
2001
-334028
-409117
557978
446978
135000
126001
18001
-78968
-69969
-69051
-66979
-66956
-63971
-57017
-51969
-47963
-45970
-41994
-37008
-44973
-147971
498003
450015
411022
371030
372036
185999
188035
192029
-53990
-63999
-52992
-102999
765001
-35969
735001
23006
714001
714001
-7008
701977
687001
674972
676969
646975
460003
341004
270004
245974
249966
245002
210005
129002
61002
32004
-17994
Finished!
