Creating message of size 900
...Complete!
239
228
202
199
3402
7218
1382
3004
3003
-996002
-996898
306
-994009
-993015
-994001
2981
-991020
4423
-991011
-988028
8359
2989
-985033
5998
12362
-982037
8994
16542
-979042
12005
20781
14983
3004
3003
24686
5997
1591
2962
5352
5943
5587
9005
7916
9149
10950
11991
12773
11948
6003
14912
14930
16376
17856
17965
20099
20889
20989
23876
23930
23936
2888
27735
26994
5886
29941
31002
8961
32999
33996
11941
35984
64681
14950
38917
17945
68287
41927
20931
70991
3002
44969
23906
47188
5995
47924
26921
49901
50974
29871
52915
3003
54003
32971
55921
5996
56907
35981
58939
8987
59956
38890
61894
11991
62956
41936
64906
65889
44902
67900
3003
68893
47985
70883
5996
71902
50927
73926
8963
74898
53965
76958
11962
77884
56976
79960
14876
82907
59879
19712
62957
85876
65915
22829
88942
25743
68867
91869
71911
28849
94948
74989
31736
31837
34809
78005
35010
80896
37909
37973
83995
40903
40860
43796
44014
46927
46841
49788
49968
52853
52861
55969
55976
58733
-835906
61808
-833595
64891
-830764
67871
-827949
70858
-825179
73793
154022
76769
79764
82867
85825
55877
43605
88941
70995
45999
91917
48970
73988
94913
51951
76993
97774
54992
79979
100755
82980
57958
103978
86001
60944
106722
76995
63938
109844
66961
79979
112880
69965
82960
115862
85960
72934
118983
75981
88968
121885
78946
91993
124741
81987
94974
127780
84977
97985
130899
101001
87929
133894
85003
136727
106953
139936
90982
109949
142784
93992
112944
145973
113001
96989
148802
99997
110009
91975
151747
94002
112994
94969
154928
96981
115998
97940
157919
99992
118938
100959
160715
102972
121970
103936
163757
105976
124961
106944
127808
108989
109954
111998
130844
112949
103002
133943
113003
105983
136859
113004
108922
139934
109949
142861
111954
112971
145963
114941
115967
117992
148823
118962
120979
151975
121958
154986
123920
124977
126942
157929
129933
160816
132987
163831
135998
166952
138928
169909
172834
175903
178979
181839
184806
187824
190983
193874
196897
199886
202891
205920
208876
211909
214915
217881
220850
223954
226845
229944
232867
302824
219280
41511
20602
20615
305767
237001
43969
22934
308770
25937
239985
46978
311721
28942
242980
49982
314775
31947
245990
52960
317913
34933
248995
55968
320813
37923
237002
58963
323833
326979
215998
329828
219003
332985
218936
335877
221967
338680
224956
341918
227992
344928
230946
347943
233926
350948
236941
353823
239910
356669
243005
359887
362971
365938
368989
371974
374872
377933
380674
383685
386897
389923
392892
395818
398731
401964
404726
407838
410882
413690
416861
419867
422711
425903
428737
431959
434761
437781
440844
443995
446787
450003
235001
343904
346918
349985
352928
355959
358975
361995
364980
367914
370948
373970
264999
244000
244000
240948
249995
252983
258990
264977
267973
267963
270990
276969
279963
279995
282958
285977
288981
291971
291990
297968
300986
304001
303943
306939
309985
315954
315994
319001
342909
345974
348980
349990
352994
355900
358917
361913
364905
367959
370989
373970
376965
380000
4985
7999
8949
10910
11848
13975
15439
16958
17935
19905
20949
22911
23962
25969
26954
28884
29958
31875
32883
34879
35918
37858
38974
40869
43802
23753
23838
46845
47813
26986
49832
50834
29943
52827
54009
32897
55853
56954
35932
58899
60068
38922
61817
41938
64807
44966
67822
47971
70798
50882
73839
53907
56916
59981
62892
65911
68892
71926
74854
77948
80860
83877
86864
89992
92955
95871
98961
59727
35951
35964
102003
68975
38983
41946
68979
44973
71964
104977
74956
47970
107987
50963
77968
110991
53941
80956
113981
56951
83975
116972
86941
59934
119996
62926
89949
123004
65993
95984
122997
95981
68938
125992
95973
71961
128983
98968
75005
131973
101964
134978
104960
138004
56990
107957
140988
59977
143952
110975
62987
146958
113965
65999
149963
116960
68984
152968
119970
71972
155948
122980
75003
158934
122784
161882
116992
164938
167899
170875
173926
176942
179786
182884
25998
12003
185870
28924
14981
188827
31857
191909
34969
194720
37965
197795
40845
200894
43915
203889
46943
206855
49958
209914
52947
212815
55949
215824
58993
218781
61867
221904
64841
224737
67893
227746
70909
230771
73758
233757
76960
236859
79752
239865
82895
242767
85861
245850
88853
248833
91918
251790
94987
254724
97743
257810
100976
260742
103740
263804
106886
266800
109873
269733
112764
115748
275819
118934
278729
121692
281777
124688
284845
127729
128157
287921
130902
290751
133699
293762
136784
296840
140010
299706
142676
301718
145869
304719
148986
151564
154568
157590
160582
163396
166374
169371
172422
175380
178400
181357
184351
187347
190361
149451
3004
154996
193344
170993
38994
158003
196336
173998
42001
157981
199328
177003
160950
202323
158982
163986
205316
161993
204775
166998
165018
169977
207793
167997
172972
210803
171004
175966
213786
114003
178961
216808
120003
182003
215897
216880
184904
218892
216966
187880
221908
219957
190860
224016
222961
193931
226996
225947
196941
230007
228972
199946
233010
231951
202787
235978
234942
205936
238998
237931
208783
241982
240978
211885
245023
237972
214890
247967
240952
217899
250972
243967
220758
253991
246962
223895
251011
249948
226754
254015
252962
229865
257013
255931
232855
252973
235870
261977
238926
258969
241798
267942
244695
264979
247921
250835
253732
256850
259845
262915
265773
268792
271818
274814
277768
280956
283823
285732
288691
291722
294807
297717
300710
303760
306775
309683
312740
315837
318800
321667
324672
327677
330990
333662
336698
339907
342703
345735
348746
351827
337000
337000
339995
110701
8826
8821
8832
8732
162898
73926
163969
11975
169004
206002
187004
-831005
-985019
-829998
-916996
-828009
-982029
-827040
-917106
-979016
-825012
-824045
-914169
-822020
-976033
-821050
-910996
-819023
-818061
-908164
-970041
-816025
-815077
-905158
-813143
-812092
-902023
-810130
-964044
-809083
-899119
-807073
-961050
-806135
-896097
-804168
-958070
-803125
-893149
-801178
-955107
-800103
-890124
-798140
-952061
-797087
-887129
-795173
-949065
-794119
-884017
-792161
-946085
-791114
-881056
-789150
-943055
-788055
-878086
-940102
-785156
-875101
-937077
-782098
-872061
-934129
-779107
-869082
-931092
-776183
-866139
-928097
-773188
-863002
-925117
-778002
-860134
-775008
-857092
-919122
-774033
-854067
-771026
-851143
-915998
-774005
-848077
-915998
-771009
-845007
-768015
-842013
-764998
-839034
-762020
-836046
-759025
-833153
-756036
-830040
-753030
-827052
-750041
-824174
-747046
-821027
-813006
-818111
-810009
-807016
-850996
-804020
-848002
-800999
-845006
-798026
-842012
-795030
-842002
-839013
-792032
-858083
-835997
-858005
-833005
-830023
-855006
-827016
-824027
360715
14932
331005
170977
131982
173937
134977
137971
140966
143956
146961
384998
152950
155946
352003
343003
345999
348992
351988
354982
357970
360959
363964
366950
369944
372954
375977
307030
376027
379018
200999
204004
206933
209996
212974
215946
218958
221916
224920
227930
230905
233964
236937
239968
242950
358004
303999
307004
254941
257896
260885
263879
266875
322114
322028
321995
324991
328000
330985
333980
336970
339965
342949
345945
348960
351924
354931
357955
360939
363909
366914
369884
372899
375110
377894
380890
383921
385477
387874
342026
182857
182870
344963
185973
347967
188982
350952
352825
191959
192244
192419
192646
192747
192848
355945
358957
361930
364978
367925
273001
170007
172998
370974
164004
373981
166998
370978
166575
493995
168998
479002
171993
343974
174986
346980
177982
506001
180977
309002
183972
340976
181003
343971
181004
346981
183998
186994
189988
189996
193016
196003
198986
201982
207978
210973
208003
210997
192997
195991
198988
201982
205003
152036
135669
258665
131003
154984
260987
264001
157990
266978
160980
269973
163997
272994
167002
275970
273003
270003
237003
164997
167992
134003
122002
181989
185002
93007
184984
93004
27001
187997
191001
26998
20994
30005
23990
26985
30004
32981
35970
38975
245680
41682
116980
69005
119974
46990
122969
49981
141005
52985
234005
55976
131964
131982
61970
134976
38002
137971
32002
135003
34997
137982
37992
140977
38002
143972
40995
146967
43985
149950
46990
152940
49975
155943
52970
158933
55965
161961
58960
161979
61955
161981
164975
167970
167982
167983
170977
120002
176971
179968
179983
176985
179979
183001
185968
188963
191958
188982
191979
194972
182976
191983
182975
191982
191980
191981
188984
191978
194974
197991
198030
200996
156001
159001
192016
162018
192001
186000
188994
183000
149813
65827
305392
223859
97006
272004
99996
257004
274999
259996
91004
277992
235996
150983
280979
238990
150984
283987
49002
242004
286974
141980
244989
251003
247980
54992
253999
250975
57996
251003
60985
253999
188001
63981
190995
66976
103995
188001
129004
106991
107985
129001
190995
110987
193988
128985
113976
122981
196983
183008
116971
55003
120002
188998
122967
189002
90002
191991
194996
197983
200987
203977
206972
135002
135003
137997
140992
141003
149849
299343
362006
330004
166800
-526996
-539017
261003
-590016
352983
334984
323004
304984
293004
101003
280524
343038
467730
400620
525662
122002
310000
471003
451004
313002
124995
473967
445004
313001
127988
423984
315996
104004
432003
484003
315986
51003
414004
423984
318998
339003
426977
321978
168003
429973
324993
432968
328003
435962
330973
438957
333983
441952
336967
444948
339962
447937
342957
450931
307003
453919
283003
456914
285998
459926
288993
522997
525992
292003
528987
205002
531977
207995
534983
202004
537972
199002
540957
201997
483909
199004
486904
201997
489897
204992
489981
207988
492976
210982
492982
213978
495977
214003
498972
216998
-498034
-780008
-495039
-780003
-492044
-776996
-489049
-776997
-489019
-774002
-486025
-771007
-768012
-765017
-599997
-633009
-630004
-627015
-623997
-677996
-600015
-605997
-611997
-698992
-705006
-699000
-699001
-696011
-690007
-600000
-615021
-630000
-642000
-651001
-660021
-687021
-699023
-702999
-708022
-720020
-720001
-720021
-744000
444480
399005
432004
401996
254003
404991
322817
404997
325808
408003
328802
410992
413981
188003
416987
332003
402004
329003
255003
58982
194997
50002
198003
46982
192002
46980
189002
50002
182996
52987
186003
186002
52981
177002
171004
171002
173996
156002
126002
96002
98996
101992
105002
-532646
-538747
-592995
-530005
-356997
-447998
-577792
-595997
-369024
-521997
-607997
-593004
-521998
-368995
-607997
-590009
-368998
-521996
-605003
-404998
-522000
-604997
-632004
-404998
-525996
111003
-629008
-454999
-523003
-625997
-469998
-520009
305003
-473029
-519997
259992
-472998
-517002
262997
-470004
-514007
266003
-467033
237004
245004
-464039
225005
247997
-461043
150004
250993
-458053
253988
-455058
256977
-452062
-449070
-446074
-443080
-470022
-467028
-473018
-479017
-485017
-491017
290983
-527458
-628340
-664944
-287179
-439001
-399129
-631996
-438997
-284001
-395998
-778996
-436004
-283996
-393006
-776002
-298998
-444996
-778998
-450998
-301996
-413997
-802997
-304997
-506995
-413996
-483998
-304996
-419999
143004
-302005
-483996
-642005
143004
-299008
-670999
107003
-504997
-296012
-668003
-513996
-295992
-767002
-391998
-552996
-764013
-503021
-418996
-761008
-629998
-418996
-758024
-433997
-530016
-755018
-442998
-635995
-752033
-460999
-555996
-749028
-565003
-458001
-746039
-466998
-561996
-744040
-532999
-487998
190008
-568997
-601999
-751996
-695997
-749002
-622032
-784995
-619027
191005
-621998
193994
-634018
-704996
-713997
-660997
-661017
-687997
-688018
217998
-699997
-700017
-702996
-705997
-720997
-723996
-729997
225003
176983
158980
159003
159003
159003
161997
162004
428178
329584
626978
610841
446006
761007
444004
746002
332004
644981
-743005
-568998
-247993
-352029
-613998
-265998
-751993
-355018
-263003
-667998
-781993
-735997
-676999
-277998
-781999
-733009
-691999
-277998
-778993
-385017
-784999
-297006
-934993
-782003
-384996
-779007
-384997
-790998
-385019
-788002
-382024
-785007
-399997
-794002
-627997
-790998
-630997
-791000
-657997
-788006
-678997
-785011
-690997
-782016
-871002
-779021
-867997
-778997
-793997
-823997
-830004
-827009
-823998
-832998
-892998
719945
6004
878362
121364
719999
722993
866004
726004
731003
731992
132993
731989
734983
121004
737978
123998
740975
743970
743998
746993
750003
747004
741004
743998
746993
749987
735005
656004
861005
614004
837004
583981
597003
599990
602985
605994
608984
611974
614962
617969
606004
608997
611993
612004
-387996
-385002
-384995
-426994
-426997
-426996
-426996
-424003
-421008
-742996
-417996
-739996
-737011
-409001
-408996
-414991
-514000
-544000
-763999
-568000
-775999
-793021
-801999
-802022
-808000
31655
-1283
15973
-33997
783157
829003
845996
785994
-33995
849003
777003
-48202
461003
938663
774004
433991
941658
436996
944675
439985
890002
442981
887003
446002
887003
419002
802997
398003
806003
377004
794003
379998
794003
377003
794003
379997
791002
380003
791003
382997
785003
385992
764003
383003
764003
380003
752002
377004
740004
379997
653003
382992
-618989
-463997
-622001
-620993
-620005
-517997
-619995
-556997
-654995
-622998
-652002
-661019
-724995
-667017
-793996
-664024
-791002
-664025
-788007
-787999
-661016
-785003
-658032
-655045
-787994
-652040
-803999
-868999
-649026
-690997
563650
661007
728224
644004
333005
655003
631005
572003
252004
655002
625006
571998
228004
692002
610005
569005
204004
444002
658004
571998
201003
665002
288004
574993
201003
596003
279004
577988
192003
530004
566003
84002
497003
566003
78002
461004
568998
69002
571993
69003
419004
574989
69003
404003
572003
551004
536004
533003
503003
497004
485003
482003
476004
437004
293004
266004
379719
-450743
-443995
-425997
-388995
-437997
-412995
-444001
-564996
-441008
402004
-437997
-437997
234003
-437997
-449997
-383997
-475997
-529997
-494997
-494996
421998
424994
427989
430982
433978
436973
439968
442962
-476997
-474003
-476996
-476997
389003
-497996
-434996
-503998
368003
370997
373991
-494996
-494997
-492002
-449997
-467998
-467997
-473997
-471001
-470996
380004
377003
295003
229004
205003
207974
196003
166006
-385607
-572608
-423996
-434993
-268995
-446997
-421002
-268996
-485998
-429996
-266002
-491995
-426997
-426347
-265996
-429997
-551995
-263002
-551998
-427001
-328996
-572998
-432996
-328995
-452004
-334995
-475997
-361996
-475996
-370996
-473002
-373997
-478996
-379996
-477940
-480688
-480504
-385993
-379995
-496996
-496996
-494001
-496997
-494002
-493996
-494001
-490995
-502996
-339996
-494002
-351996
-488007
-485017
-366996
-402996
-562996
-450996
-462996
-565996
-513996
-571996
-574996
-577995
-544000
-574996
-572002
-552996
-574996
-601996
-604996
-562018
-640997
-652968
-673999
-674000
-671004
329000
-592026
332000
334996
335001
326000
-618999
302000
302001
299001
299000
301996
304989
302001
302000
304995
287992
280995
283980
286986
289975
273974
265995
51420
-288966
-172200
-223197
-223183
-182552
-17548
45003
-24004
-220006
-21007
33002
-17997
20003
-41998
-216994
8004
-56998
-222995
5005
-62997
-261996
7998
-77997
-273996
5003
-80996
-262003
-80997
-435995
-259019
-107998
170004
-256009
-113998
104005
-253058
-250063
-247053
-245996
-244068
219005
-241084
218981
-238047
215983
-235074
206983
-232078
-538996
-229088
209982
-226094
212977
-312996
-532997
-310003
218972
-438997
221967
-436023
-528001
-456996
-527997
-463017
224985
-460022
218985
-466015
-463021
-530016
-529997
-529997
-559996
-568997
295980
296003
293003
295978
298973
-146149
-522622
74975
-143002
167005
-140008
149004
-184997
-123997
-196997
-194003
357003
-191008
311982
-190998
311984
-202997
309003
-208998
302984
-214996
204003
-266022
192002
-298002
141003
-320003
141003
-327997
135003
-336997
137998
-385997
140991
-394997
143988
-400998
146983
-398003
149978
-395008
150003
-392013
146997
-389019
150003
-386024
138002
-394996
132971
-400997
-406997
-409997
-415997
-430997
-434061
-448997
-451997
-466997
-464022
-461029
-460995
-458003
-457997
-455023
544984
547978
538983
535982
533003
524003
518003
461002
200984
197983
200975
203971
206964
406801
-112995
52004
73005
52003
-124995
54998
-133995
57991
-145996
58003
-143002
55003
-145996
55003
-163995
55003
-163997
52003
-166000
52003
-169227
52003
-166236
52003
-165997
443003
-168996
443004
-171995
443003
-174077
445997
-171083
440003
-168088
422003
-165199
401935
-172996
389979
-190997
387999
652005
375998
649005
357999
651999
339999
652004
327699
649003
321002
315003
315003
312002
312003
303003
288002
261002
249004
240003
237004
239993
242996
234004
213003
204002
192002
186003
174003
147002
-65191
-65160
647850
279005
-62008
-80997
645006
-67996
-59014
-95998
633004
-124996
-56027
-126004
630005
-124996
-53032
-125997
615004
276004
-50037
-123004
612004
270003
-47042
606001
-137995
234004
-44020
-152998
597005
-43997
543004
531003
-127997
510003
-130996
396003
-133997
398997
-131003
399003
-128007
387003
-125012
378003
-148997
357003
-146003
359997
-148996
351003
276003
491003
278996
482003
279003
484997
264003
434003
431003
350003
281003
227002
585122
584998
527221
485900
-174019
518003
-372999
530005
506003
624002
518004
503003
579001
464005
482003
566996
449005
484996
570002
443004
482003
572990
416005
482003
407003
575988
484976
391996
578984
485004
395002
581979
579003
555001
386004
540002
356005
522002
347004
524996
326004
527990
323004
530984
158004
444001
160997
432001
122004
423003
420004
420003
387003
375003
372003
374997
335997
339004
285003
270003
189004
635699
-38229
628976
-45987
-72024
-40997
631988
-77998
-110998
566008
-108006
547983
-128992
538981
-152997
760008
766002
754003
350008
736002
742003
341008
338002
742003
739003
741994
340997
700007
619002
341002
742006
621996
341002
748008
592002
583001
341006
585997
592002
332007
594997
588993
311024
592003
258972
591991
586002
234973
583007
571003
378004
228974
565005
451002
220969
453995
324004
456991
312004
436002
205434
208419
427004
315003
213419
281003
217812
220404
223400
226393
226975
258003
255003
234003
197003
199996
219002
205990
206002
208997
211993
212001
191003
182003
179003
173004
167002
164003
125737
-802014
-465994
-524991
-804996
-722994
-766992
-802021
-781994
-802018
108005
97009
-802016
81005
64010
-802015
47000
24007
-715997
-727996
-730996
-736997
-757995
-763996
171004
-784996
-787994
206004
176998
174004
206005
185004
177004
179004
180004
182004
183004
185003
180003
135009
185006
176004
173003
170004
93005
-150995
-162996
-165996
-168992
-201995
-207996
-213996
-297996
-297996
-309997
-324996
-348996
-354996
-354997
-363996
-369996
-370000
-369999
-373000
-352998
-415999
-454999
214000
193959
69828
-154881
-136869
345005
102842
-429996
294999
315004
105993
278000
-504996
246003
100003
459002
-136996
210003
102998
-145998
444005
183003
97003
441003
97004
425996
-148996
99998
-146004
429004
93997
431991
-145994
97003
-143004
369005
258003
94004
-148998
171004
91003
-172999
135004
91003
-215999
135004
91003
-218998
137999
85004
-233996
52003
-445997
43004
-460997
43003
530003
40004
494003
34004
473003
36998
458005
34003
449003
31003
443003
33999
404004
36992
383003
39987
356003
34004
233003
34003
31003
16004
7004
-4997
125002
-7996
-5002
-7997
-7997
-13997
-16996
-43998
-73996
-94996
-100996
-112997
-115996
-121996
-255996
-255996
-255996
405003
381003
366005
-727211
-813209
-606692
-560288
-631185
-633994
-21998
-639994
-795013
-87998
-614997
-636997
-791998
-138997
-723032
-648992
-593997
-169018
-801998
-651993
-608996
-180998
-849998
-651993
-623998
-181017
-864997
-651993
-632997
-187019
-882998
-654994
-665997
-189999
-925025
-657994
-668997
-300998
-927998
-657992
-666002
-318998
-927998
-675993
-663008
-331018
-927998
-675996
-662997
54002
-678997
-331016
-740997
-328024
-507998
-675998
-750004
-723999
-505024
-328013
-746997
-325024
-619998
-723993
-744008
-337021
-743014
-768998
-793003
-780999
-351998
-779993
-789997
-396998
-778001
-804996
-478016
-804997
-480997
-802003
-478003
-807998
-523016
-807997
-537996
-882997
90002
233682
-309228
206003
40006
-353995
22003
192005
-428996
127002
-4995
-428996
121002
-16996
76002
-40016
13002
-73016
-100999
-127015
-277998
-130017
-295998
-139010
-298998
-147996
-298998
-177996
-307998
-177996
-186997
-305001
-304998
346983
341992
-302002
333003
-299007
330003
-296012
300003
-316997
282003
-322996
242983
-322997
231003
-346997
213002
-379997
204003
-448996
204003
-460997
203983
-458003
201003
-455007
191984
-452013
97002
-449018
85002
-448997
87996
-451997
-449002
-451997
-466995
-502997
371003
-179884
810302
426003
377006
42993
411003
374005
375002
370985
339002
367984
300002
367986
294003
367983
370975
291008
154002
370985
368990
130003
371979
121003
365983
119004
362985
75003
77996
831987
80983
834980
66003
838000
3
834964
-8995
834963
-2997
804968
66004
807956
-38996
735957
-89996
718003
-101997
709003
-89997
703004
40003
691003
25003
685003
22003
676003
25003
676003
27997
573002
16003
543003
18997
536997
-1996
539992
878001
543003
820003
539997
-19995
543003
850001
540003
917002
534003
778003
510003
748003
492003
729980
483003
485998
486003
486003
488996
483003
480004
453003
444003
426003
423015
417000
405000
387000
389995
381000
381000
362999
348001
332999
324000
273000
-759999
-252084
-116997
287007
255004
-128997
311005
255003
-152996
290006
252004
-197998
292999
252003
-278997
295994
240003
-293998
298989
219003
-314998
296004
213004
-329998
281005
192003
-408000
-632996
180003
-425997
-659996
174004
-452998
310004
159004
-495999
250004
153003
-606998
219982
150003
-630998
199004
141003
324002
165004
141003
282002
138003
132003
264001
132003
126004
249001
129003
105003
207001
126003
75004
104983
60003
86982
27003
69002
15004
-56996
-65997
-71996
-74996
-86997
-92997
-107997
-137997
-364648
52844
177038
458005
44004
170985
238001
46997
159003
230001
35003
155981
229003
37997
156004
202000
40992
155984
196001
20004
158977
179997
-27996
141003
165001
-27997
143977
135986
-60996
138003
69002
-216997
135004
-225997
135002
-280002
126003
-276997
125998
564003
129003
558004
129003
555004
129003
555003
128978
552003
131983
546003
129003
540003
131998
134973
132003
134997
220985
176003
173003
152003
119003
113002
-352017
-177429
416002
-83031
404002
-133995
-137022
383004
377002
-157996
-164020
374004
-169998
371006
-176019
350004
-184997
344004
-193998
323004
305001
-294994
307995
-303994
-307018
305005
-304023
-301030
310998
-298037
313996
-295040
316988
-295021
314004
311001
-292022
-289031
308004
299002
-286032
-283042
296006
287001
-280043
-280019
281004
-277024
275004
269002
-280015
-280017
257006
-318997
236005
-316005
230004
-330998
218006
657002
215004
645002
215004
215001
633005
623982
206006
621003
617984
293131
290143
655660
646004
284005
583003
284003
574003
275004
571003
269004
573977
263004
571003
251004
555982
245005
538003
236004
535003
224004
532003
212004
514003
191004
492983
170003
481003
164003
472003
161003
384982
134004
336981
107004
325003
72003
34003
324980
8000
178002
-8003
172002
-7999
151002
-16999
150981
-40998
153976
-42999
156971
952997
159961
928004
162966
927003
165956
925002
168951
915003
171946
174941
740004
174997
178003
160003
140002
125002
119002
-390377
-417366
-426358
-435351
-800881
-156481
69528
187008
63004
169005
63004
130003
60004
112004
51004
51003
-784997
48004
176002
45004
167002
39004
148980
23001
131003
2004
125002
2004
115983
-6996
98003
-12996
88983
-54996
86002
-60996
83002
-63996
71002
60002
71004
-66996
62002
-64003
-78995
-78997
-150997
-78997
-81997
-87997
-108997
-348002
-354000
-352998
-352999
-354000
-354000
-354003
-361023
-415997
-420536
-424997
-428756
-468997
-307029
-516995
-450996
-492997
-646997
284000
-125926
-29014
283005
202542
-125996
544004
481003
469007
-131997
535003
412003
193005
-131997
522983
193002
298005
-134997
510983
235002
195999
505003
97004
-134997
483983
190003
-137997
454003
187003
-137997
-1997
184004
-140997
-14016
175003
-140997
-21019
160004
673003
750984
625998
151010
745003
611999
40005
222003
16002
607001
189007
596000
3004
591006
93002
-2996
593024
81002
-35997
595991
69003
598985
71996
601980
69002
604968
69002
607974
609999
613962
598999
579002
522415
514002
504002
504003
493004
484002
430003
301003
-654154
-38072
-647991
-46995
-654017
-49996
-657018
-55996
-662996
-53002
-665997
-55996
-669019
-55996
-699017
-67996
-705017
-79996
-737997
-88995
-746996
-109996
238004
-115995
220003
-115996
205004
-124996
201983
-133995
196003
-145997
175003
-166996
160003
-175995
130003
-187997
114983
-193996
103003
-196996
87982
-202996
81984
-323996
61003
-220996
-329996
115003
-271995
-338997
-319996
-359996
-392997
-413996
-431998
-470996
-479996
-488997
-488996
-509997
-522996
-536001
-541998
-545000
-549998
-558999
-569004
-585999
-597999
-618001
-622998
-624998
-622009
-619015
-617006
-614011
-614000
-611007
-613029
285999
253000
458500
-246995
169004
-3996
139004
-138996
132984
-150997
120980
-162997
108983
-180996
102983
-222997
94003
-234997
88004
-256997
79003
-319997
61003
-336997
37003
-342996
25004
-21950
-51954
-194952
-249962
-260996
-254990
-259994
-254910
-252962
-281963
-315966
-327960
-326956
-341965
-347966
-394995
544032
523040
514034
504044
505034
501028
490038
474028
393029
382002
376002
368004
368979
362061
356195
355720
417006
396007
135005
262005
515980
387004
328004
244002
369001
489004
238003
237999
360002
483004
202003
223002
479981
339004
190004
212001
324001
477005
175003
210002
315001
474004
112003
211998
464983
315004
49003
214991
306001
456004
213000
444003
213002
420003
215996
414003
215002
414003
204001
194002
188002
186004
158996
128955
108001
102003
91022
88003
61004
37004
25003
10003
-4997
-23997
-29997
-35997
-40993
-132994
-348839
-293732
-478330
181967
-366995
184958
183966
-375996
-384998
175980
-386004
174979
-394997
164002
-400998
146976
446002
149003
323002
120004
218001
108003
212002
75004
24002
200004
9002
182004
170002
9004
9002
143004
11997
6003
-29997
-80996
-119997
-146997
-191997
-245996
-257997
-269997
-272997
-287997
-299996
-384997
-387997
-402997
-411997
-411997
-411998
-417996
-420997
-420996
-423996
-426997
-429996
-432996
555003
528003
507004
465003
435003
417003
402998
382003
346000
328000
322000
304000
278999
246000
207000
209993
193999
-756322
-640390
-593996
-516994
-528997
-602995
-602998
-540994
-602997
-549996
-614998
-558996
-561997
-623996
-573998
-641995
-571003
-665994
-680998
-579995
-603998
-704996
-708000
-636996
-672997
-736996
-687998
-749001
-763000
-704004
-779001
-717017
-779998
-744031
-719998
-370995
-550998
-734995
-628999
-792997
-807003
-682996
-756000
-680024
-764998
-691996
-779997
-821998
-700996
-15999
-698002
-111998
-703996
23001
-706996
-3998
-716016
-715997
-718997
-754997
-772997
-785018
-796997
-794003
-151859
539769
83884
542978
542987
130976
519002
545990
486002
548996
-88997
519002
480005
-100997
426002
258004
-112997
-53006
390004
-116020
-49998
309005
-116018
-170998
277999
-118997
729002
265002
-128018
702003
248005
-128016
240999
-133997
226997
228004
-146016
229987
183006
-158020
232983
150006
-172997
224001
154004
737003
135001
219002
686004
218000
135004
674004
219994
121004
659003
198000
132004
617003
178996
124004
602003
181990
132005
587003
173000
118004
569004
170192
109003
565983
166999
129004
515003
152002
123005
494002
146997
100004
482003
120002
473003
97003
469984
108003
455003
98008
94001
440005
432008
426003
423003
402003
390003
287037
262987
-216995
260003
-229996
269001
-247996
239004
-122996
224004
-262996
218005
-137995
191003
-140997
185004
-283996
-297975
-142564
187998
-315996
188003
-148996
167003
-321997
-168996
-185996
-192997
-336997
-235018
-209997
-246996
-218997
-264996
-245996
-327997
616004
656982
595003
656982
597997
654003
650986
289004
650984
268004
653978
220003
653983
648004
136003
627003
-55998
627003
582003
197003
504003
197002
468003
173002
170004
161003
152002
137002
119002
-844198
99027
-498375
-841220
-434232
-814078
131933
78005
-525994
-639016
51004
-537997
-636022
30002
129005
-546997
-635997
123003
-565997
-635998
-577997
-635997
27004
-598996
-641997
21004
-610997
-520997
15003
-608003
-577996
12004
-628996
-580997
6003
-578004
3
-643996
-586997
-14997
-652000
-598996
-29997
-665003
-601998
-38996
-677001
-601997
-47997
-691000
-611018
-68997
-703999
-619997
-74997
-718999
-622997
-107996
-717002
-640996
-721998
-646998
-727998
-654998
-748000
-666998
-265998
-696998
-334997
79004
602306
469999
593006
449004
584004
431004
586999
419005
589993
407004
590003
398003
581003
365003
572005
289983
565008
217981
565004
136009
565005
127004
559004
129997
553004
115003
550003
117998
544004
109004
535004
88003
511005
635002
442004
593004
433005
581003
435997
569003
427003
551002
415006
533003
391005
512003
379000
512003
365999
353001
342000
46004
28005
1005
-70995
-85996
899004
893004
884004
217003
872006
196003
869004
142005
848003
115004
836003
718003
649004
619004
355003
301002
256004
235006
199000
175000
-336795
-88994
-404991
-357996
-419996
-70995
-367998
-455998
-85995
-379997
-464998
-103996
-397997
-473998
-103996
-400996
-479998
-103996
-409997
-494998
-106996
-415995
484002
-112996
-421996
448002
-118996
-424997
430002
-133995
-430997
421002
-157996
-430997
409003
-190996
-436997
403002
-205996
-439997
400003
-229996
-442996
388002
-232995
-445997
379002
-241996
-448996
355002
-250996
-463997
336944
-253996
521004
255988
-331996
503004
259001
536005
464003
524003
452004
494003
482003
-355997
479003
428003
470003
464004
458003
460997
461003
425004
419003
392003
368004
359003
-313259
-395556
-568996
-554995
-282998
-566993
-572997
-309995
-312997
-593994
-596998
-321995
-611998
-324995
-635998
-354996
-719999
-363995
-384997
-768034
-143999
-770020
-399999
-782022
-414999
-792035
-167998
-789043
-167998
-794024
204970
-167995
200999
-453996
192002
-468996
180002
-636996
159002
-648995
108002
-654996
33004
15001
-654996
15002
-660996
14981
-666996
-684998
-440996
-696997
-699997
-741997
204003
177004
162003
150003
123002
114003
-87762
-882749
-182942
-183018
-114996
-183017
-189996
-212998
-240995
-347997
-285996
-560025
-297997
-595992
-309997
-610997
-327997
-673997
-330998
-733995
-330996
-740995
-330996
-746997
-328003
-752997
-612996
-758997
-612996
-761997
-624996
-759003
-714996
-776997
-797997
-777997
-809997
-783997
-821997
-801996
82003
-110996
-825997
-178996
-134996
-226997
-319997
-406997
-436997
-457997
-493996
-508996
-508997
-517997
-550997
-568997
-571997
-580997
-590944
-588948
-606960
-607974
-609952
-630966
-654974
-672979
-699970
-714960
-716997
-714987
-707983
-708965
-708965
-702986
-698980
-694967
-699998
288031
266004
-567304
-330289
-396995
-65009
-312996
-185997
-558996
-194997
-556003
-215997
-599996
-224996
-636996
-224997
-642996
-227997
-675996
-263997
-675996
-278997
-687996
-299997
-702996
-320997
-711996
-338997
267007
-353997
246005
-444997
6005
-445019
-48996
-442022
271003
-439010
157003
-456997
78003
-459997
69003
-457003
-477996
-498997
-522997
-525997
-529400
-528997
-534996
-540996
-555076
-564025
-561015
-591018
-597017
291002
192003
174002
151581
368594
-399365
-412022
10003
-480994
-4998
-489995
-52998
-552996
387004
-91995
-139998
356984
354002
-139996
-142998
341983
-507998
326986
303002
353006
258002
320006
284004
269003
263004
242005
170003
146003
128003
116005
104003
98003
83004
47005
-60997
-123996
-135997
-141996
-144996
-147996
-159996
-168997
-183996
-231996
-237997
-246996
-252997
-45998
-43009
-42001
-43001
-40006
-39997
-37998
-49000
-385996
-87001
-112997
-129001
-133922
-145003
-145002
-177001
-194001
-239000
-306000
-339000
-383999
538000
388000
382000
363994
367000
369989
372984
343000
325000
284000
310000
292000
-499162
-305137
-529153
-274996
-363994
-313996
-393995
-391004
-322995
-397017
-195667
-191724
-529019
-198996
-547017
-293995
-570998
-293995
-195998
-610995
-679998
-317996
-193999
-701016
-324020
-701016
-224998
-701014
-258001
281005
280981
-290995
-320998
269005
-365998
268982
244982
-484996
-398012
200004
-436998
164007
146002
-454996
-487998
136986
130015
-560995
132976
-613996
-658997
193002
296003
130980
268997
272002
248005
209003
206003
182003
159002
138002
117003
85509
61520
210530
5005
-57996
46003
-119995
-197998
40006
-236998
-580995
-589998
-242996
-595999
-243016
-604997
-245995
-616998
-243022
-243018
-619996
371943
-246015
-249019
312005
303002
-251995
-281998
300004
285002
-293996
-338998
282006
-336004
260995
249002
-386996
249001
-404996
237002
-532019
207003
333004
174002
240004
147003
96005
-522003
81005
-524004
-523998
-523001
-531998
-538000
-543000
-557000
-558999
426997
393000
356001
336998
304128
270003
240005
204004
168004
138004
99003
81003
51004
33004
4003
-19996
-157995
-194000
-191006
-197000
-194006
-194000
-443000
476000
373635
370646
346655
486580
176997
452005
425003
175004
425004
401002
162003
374003
141997
302004
113999
284003
96005
457003
80000
265000
352004
42001
257971
337003
15002
249977
301003
-1997
241738
262003
-19998
244748
244003
244954
-52996
217003
911003
247964
872002
250951
788002
160036
253945
154003
253948
151003
253947
145002
253947
155007
770004
749004
719003
683004
656003
635003
614003
575003
536004
512004
494004
479004
455004
434004
395004
257004
227002
149001
178030
164601
82006
495004
-199996
471004
-222996
441003
-285997
432004
-288996
417004
408004
387004
360004
321003
300003
210003
64003
22004
620000
621000
605001
587940
572001
573999
564002
549998
548003
549999
543998
525999
511004
479203
451408
425009
362004
317004
302004
290005
275004
233005
176004
146004
-36995
-99996
-109023
-160996
-217964
587004
509004
236005
126635
-691059
-648996
-531035
-665997
-528046
-695997
-525052
-704995
-522059
-719996
-525017
-767996
87003
-773997
9003
-640998
-141017
-785998
-237030
-643000
-234041
-644981
201440
-231047
-644997
-228052
192004
-225057
-648001
-450998
-647999
-457031
162004
-462997
-658997
-474997
150004
-483997
-662996
-522997
150004
-720998
-711998
228003
211998
182003
149004
107003
95003
62004
26004
-996
-27997
-81997
-171997
-240997
-336997
-396997
-447997
-501997
-543997
-573996
-588997
-602997
-629997
175004
-46996
-70999
-79999
-94998
-103985
-105930
-109002
219001
-108005
213001
-106002
-107002
-104008
-102003
-99010
-100003
-98004
-98000
-96003
-93011
-92003
-89010
-90000
-87007
-85002
-95003
-110000
-253001
-116000
513849
600007
526090
288492
261550
725001
515825
608996
517231
259005
606997
520223
247005
609990
519992
232004
612985
522985
615980
520004
662004
618975
517005
644005
621966
519999
570003
511001
624963
525004
627959
507003
630952
117005
462003
-110016
631003
438003
-140027
633998
405003
636990
-161997
389008
-159015
636003
365004
-159993
638997
350003
639995
-157004
642985
335004
843004
645980
329004
654003
648975
311004
630003
649997
287004
606003
649999
221004
561003
648000
215004
534002
200001
647003
200003
649999
149004
651999
651001
650002
646002
621999
594864
580475
556003
520003
316004
888003
566003
-356886
-550733
-466994
-562997
-275998
-182992
-303003
-583996
-78032
-604998
-311999
-214997
-622997
-328998
-214997
-183999
-340997
-214997
-216998
-340999
-212003
-342002
-210996
-209008
-246999
-340995
-206013
-368000
-343998
-205997
-343999
-208997
-341007
-301996
-319998
-338999
-338001
-325996
-338002
-340996
-336003
-349996
-355998
-336267
-335003
-436998
-332012
-329441
-327807
-327000
-329005
-334009
-333997
-331003
-340001
-338001
-352998
-357781
-360998
-369997
-378996
-390997
-402997
-552996
351003
192003
48003
132000
33998
36990
35630
34998
34002
36995
29003
18998
19003
15110
15000
9000
-3000
-3000
-3000
-8999
-8999
-18000
-428436
-529419
-701995
-676995
-836022
-622996
71970
-779994
62982
-649996
86968
-845996
-19997
-664994
-49997
-860995
-52997
121003
-70997
103006
-68004
85004
-65032
73006
-62038
58005
-59043
-37996
-56047
-229996
-53053
-215996
-56017
-79997
-719995
-109997
60004
-115996
-749996
-133997
145003
-131026
64003
-128030
-128017
-125023
-124022
-121031
-118038
-118018
-115023
-33344
-11994
-17995
-24000
-26996
-26995
-24000
-35996
-33000
-32997
-41996
10005
-44996
-7996
-50996
-25995
-47996
-22996
-25996
-28995
-40996
-50996
-50995
-56996
-74996
-86996
-84001
-68996
-86995
-86995
-107996
-105002
-59996
-62996
-116996
-57003
-59996
-8996
-93015
-95995
-93002
-95996
-114991
-257994
-159995
-240997
-404997
-434996
-372996
-503996
-712911
86002
77003
192001
-28000
-25006
-122028
-132029
-124025
-134025
-158032
-155037
-152045
-149050
-146016
-156006
-153001
-149026
-184027
-186042
-168024
-309001
-332999
-348000
-369000
-397000
-400000
-420999
-433000
-478000
-484000
-486999
-487000
-490000
-496000
-499006
-496000
-496000
-493006
-495999
-493004
-501999
-511000
-516999
-526000
-606999
-525999
372000
-532000
351000
-544000
-559000
-556004
-553010
-555999
-553005
-521001
389001
284001
236001
173001
-9999
-13000
-13000
-25000
-88000
-118000
-123999
-123999
-169000
-192999
-214000
-262000
-288999
-333999
-380000
-385999
-461000
416033
96006
828746
573758
737349
716384
586004
565004
689003
553004
593004
532004
581003
508004
565998
427003
569003
403003
506003
364003
508997
343003
497004
334003
488003
313004
490993
286003
493997
259004
433975
244003
436982
226003
193004
327003
-855997
-875021
-175996
-231996
-270998
-312996
-462996
-480996
-735997
-328997
-334997
-337997
-358996
-394996
24003
-397997
-406997
-23997
-23997
-21002
-397997
-400997
-41996
-397997
-395002
-397997
-188997
-393285
-390293
-398997
-404997
-404997
-401997
-414000
-411004
-414000
-429000
-438000
-435005
-438000
-438000
-447000
-462000
-468000
-480000
-480000
-485999
91890
-852938
114004
114994
52979
-52023
118002
45008
-69998
18003
109009
-2997
91003
-78999
-75998
76003
-808993
43002
-111995
19002
-150998
129008
-165998
-10997
96007
-61998
-200995
-115998
-254995
-293003
-127995
-136997
-390015
-142996
-151996
-812995
-172998
-815995
172003
-178995
-187998
157005
154005
-185001
151004
-190994
139002
-193996
-196998
141997
144997
-196996
145002
-202994
-247998
-118995
-241996
-271996
-298996
-361996
-397996
-430997
-469997
-559997
-562996
-571997
-580997
-626997
-665996
-725996
184004
-9019
-242998
-300038
-363019
-363017
-368995
-374997
-452996
-450024
-447029
-444034
-441042
-438046
-435052
-435023
-432029
-429033
-426038
-423043
-420048
-417054
-414059
-453000
-453000
-471000
-486000
-518999
-537000
-558000
-579020
669749
469766
628005
-103003
445004
604004
415004
571004
698002
412003
556004
545004
412003
538004
437002
414997
517004
333004
417992
340004
291004
415003
289004
282003
409003
157004
279003
406003
154004
273004
385003
139003
240003
331003
118004
222002
328004
68999
210004
328003
57004
207003
292967
51004
189003
260001
42005
156003
193967
33003
141003
-23998
126005
-41997
70003
-20998
116001
872003
104004
824004
84003
812004
72004
806004
51003
794004
33004
791004
6003
782004
-8997
782004
783000
-35997
785990
949004
780003
928004
768004
913004
756003
877004
699003
874004
594003
826003
501003
802004
790004
784003
781003
768003
762003
735003
591004
567003
540004
522004
-492997
-510997
-528997
-549967
-559000
-592000
-658000
-676000
-709000
-735999
-763001
-793005
-423230
-441219
-456212
-471163
-26940
238073
242005
211004
-51997
213997
-70000
214003
-77998
211003
-88002
202003
-92998
184003
-103000
103003
-113998
46003
-113998
13003
-115001
10003
-112008
-110999
-128998
6003
-191999
-40997
-196000
-46997
-196999
-46996
-217002
-49997
-266997
-303996
-321997
-468996
-480996
-603996
-618996
-630996
-645995
192004
117003
-38996
-62996
-102002
-98997
-125996
-239997
-362997
-488997
133003
112003
106004
88003
88004
79004
64003
58003
19004
1003
-25996
-83997
-97996
-86970
-118998
-166999
-176000
-138000
-143999
-217999
-224000
-224000
-247999
-222000
-251000
-268999
-285000
-290999
-297000
-336000
-363000
-409000
-448000
-472000
477001
399000
354000
345000
321000
321002
315000
297000
173825
298005
-1985
-356982
225004
183004
270002
439002
219005
367002
204004
274003
177004
253004
250002
177004
244002
176983
557001
174004
539002
176977
512002
170982
383002
165004
338002
150003
311002
108006
266004
236005
221003
206004
155003
134004
35004
26004
205005
5003
-39996
-66996
-84996
-93996
-121997
-163997
-193997
-196996
-220997
-226996
-253996
734004
719004
680004
-248996
674003
653004
572004
255002
182999
160001
147001
106997
98000
82002
40998
29595
32016
1
-44999
-101000
-157999
-187000
741001
696001
666001
630000
632994
627001
629989
632993
362000
359000
350004
338000
335000
320000
283999
244999
-434998
-363985
-158007
-535016
-476995
-570997
-536996
-721995
-388996
-742996
-661996
224003
-679997
161003
-694995
86999
-712995
-47032
215004
-238998
155004
-382996
-538996
-406995
107005
-409996
65005
-412996
8005
-478995
-12995
-667997
-24996
-668002
-36995
-664997
-45996
-662029
-45996
-659035
-43001
-656047
-51995
-653052
-54996
-650040
-54995
-184997
-90996
-211997
-126996
-214997
-147996
-220997
-168996
-280997
-186997
-283995
-198996
-307997
-231997
-314003
-225997
-310997
-246996
-322997
-300995
-322997
-315997
-490997
-360997
-378996
-393996
-514997
-405997
-526997
-420997
-589997
-456997
290003
-511997
245004
-544997
227010
-602989
212000
337000
209000
259000
188000
202000
175999
137053
446056
425004
212007
447003
182005
426002
170005
14002
148997
65003
224002
43984
32002
218005
220996
26005
26002
220998
28973
224004
226992
539002
229989
232973
503004
488002
235984
467002
236004
428002
238999
374002
597004
567002
299005
539002
253982
506002
197005
494002
71005
182002
44007
167002
41005
32002
83005
-60998
18004
9002
-98995
-155998
-23996
-78997
-188995
-105998
-194993
-201018
-117996
-123998
-201017
520002
-198022
424002
484004
565001
346998
306000
559005
288997
532005
262980
490004
265996
460005
256998
394004
246998
310004
242001
280004
238998
244005
241991
226006
238001
202004
237001
172004
239000
145004
236003
210002
189997
181027
167015
155268
148999
143000
127001
329000
290000
263000
236000
236999
208999
197000
-382103
95435
-398995
-260996
-414995
-299996
-420996
-306017
-526997
-419997
-435996
-455996
-474996
-532997
-481996
-572016
-514996
-586996
-550997
-601996
-580996
21015
335003
18006
20997
-191999
21004
-194998
18004
-215997
-272998
9005
6001
-374996
-470998
-2996
-510004
-23996
-62998
-506994
-95999
-518994
-131998
-593995
385002
-155995
382002
-263996
381997
-269998
385004
-272999
385000
388002
-287997
388002
-299996
-344998
390998
379002
-359996
370003
-357002
358002
-354007
311002
-351012
346002
-348017
322002
-347996
290002
-347996
-347999
316005
247002
-347996
307003
229003
238003
223003
175003
73003
55005
-1997
-85996
-136998
341003
317000
275001
239001
185000
274840
204950
203004
85006
70003
342004
20000
306005
-67039
216006
123004
-213997
631002
-282995
657002
610004
636002
562005
609002
496005
591002
475005
448002
561004
528002
415007
379002
513004
443003
358006
392002
349005
60999
334005
304002
52005
277002
54997
262002
55005
295004
253004
271003
244004
259005
229003
211004
223004
202004
187003
157004
130003
112005
46004
-19996
-104996
-185996
775004
775003
760005
730004
593004
548004
470005
59003
-174998
765004
585003
537003
219003
180001
171000
-49294
-40292
815727
776735
788768
528982
465983
-33995
468972
467965
464977
158005
463582
134003
463002
754003
465994
116003
466003
110004
457003
86003
833978
68003
738927
59003
699001
-16997
644003
-55995
66003
-70996
60002
-73997
50981
-73997
-88996
169003
160004
133003
97004
539003
85003
506003
61003
488003
55003
461004
34004
31003
446003
25003
428002
-1997
395004
-1996
359003
-1997
320003
-1997
311004
-1997
316998
-4996
281004
-13997
-23996
943003
925058
877000
811000
748000
727000
652000
643000
-376000
-442000
-517000
-521000
-569000
-614000
-650000
-554000
-708000
-765000
-759376
-394223
-638996
-646994
41003
-649995
-15998
-652995
-36998
-650022
-647031
-81995
-123998
-652996
-180997
-655995
-207998
-676994
-679998
-261995
-294998
-689015
-312998
-694997
-703997
-366006
119002
260005
89002
197006
125002
50006
8003
50005
23002
-27995
-66997
25977
-64004
-12996
248001
-63996
164002
-72994
95002
25005
-87997
-1996
-96996
-52996
-108997
-141995
-139002
-141995
-144996
-156319
-168995
-11996
-192997
-212251
-238996
-280997
-298996
-334997
-418997
-457996
-482001
-534996
-579996
351004
-449997
-401998
-535986
-532000
-559000
381001
309000
255001
234000
178999
316872
271884
154892
137941
488657
350005
553968
298002
289004
286003
127004
202004
453004
61003
109004
-34996
85003
-107996
414004
-167997
64003
-221996
366004
664005
25004
613003
339004
553004
-22997
550005
240004
611001
-67996
228005
-110997
-140997
195003
168004
-170996
123003
-197996
777001
731003
671003
646000
637004
617001
524999
80003
-147996
726003
717003
705004
690005
672003
651004
597004
543003
532008
517003
460003
415005
352003
271004
217004
124003
73004
43000
21968
1000
-16001
-31001
450999
-200096
-213993
-224996
435989
-184991
-178995
-235995
-241991
-224016
-238999
-247996
-267994
-290990
-262995
-305995
-334992
-355995
-358995
-124994
-363963
607010
-151996
595005
518010
-193995
469007
434008
-218996
347005
-230996
276009
-324997
249006
223007
185008
415005
122006
393983
60005
-5992
379004
-15995
349004
-33996
-47896
342990
-57994
-75245
113005
-96996
487007
151006
133004
122761
114009
114004
95009
89005
89005
85005
70004
73004
70003
73004
64005
49003
-6997
-45995
-126000
-176999
-221999
736002
682000
601000
508001
454000
421000
379997
352999
340995
329997
303069
298071
269071
95828
365991
-396996
150003
516004
93004
492004
60004
483003
57003
474003
57004
-306996
42004
409967
39003
310988
36003
98991
36003
102003
38998
87003
27003
71998
21004
81003
-11997
78004
-17996
72005
-25976
-61576
-90998
30006
-70998
-26996
-68997
-111995
-66026
-91993
-126996
-106996
-136995
-160997
-245996
-338996
586004
544004
435002
245933
340003
310003
27003
-214997
-217997
-226998
-241997
-256996
-277996
632003
375003
369004
363003
360003
362997
351003
342003
342009
312000
288000
279000
212999
-92428
130933
-297030
77005
557968
14005
537000
-76996
502002
-213001
421004
-208998
376004
-227997
334003
-243999
295003
-282999
-138032
707002
-236998
688000
663002
479003
639001
472983
628999
416003
620003
612002
598004
592002
594002
589002
503003
374003
305004
349004
215003
190003
136005
82004
-13996
-77996
103004
82003
-167996
67003
784005
34004
742004
718003
-13997
-26997
709004
-56997
-74996
697005
688005
-86996
691004
-116996
686008
671003
650030
605000
578001
554000
512000
467000
440001
374001
335000
233000
209001
169997
133998
-104000
848000
785001
716000
679000
664001
648999
619000
673000
523000
517000
502000
463000
415000
379000
340000
316000
253000
59705
44719
44720
559005
75005
538004
253971
222005
919003
901003
207004
874003
48004
868004
183004
868004
162004
781003
29998
670003
33004
643004
141004
777984
30004
708974
32998
509995
135004
480002
18003
480003
123004
459003
970005
441003
114004
327004
945004
240003
93004
174002
915005
125977
861004
-883019
-231996
-719997
-935017
-909996
-938020
-779997
-937997
-955997
-958997
-967996
2003
-15997
-63996
-114997
-180997
-282997
-324997
-411996
-486997
-498996
-519997
-534997
-552997
-555997
-290997
-588996
-641997
-650996
-678000
-704999
-716998
-732000
-732000
-731999
-751000
-787000
-772000
-800001
-383654
-215994
-246996
236004
-285996
188004
11004
181979
13995
117004
-315997
87003
-9998
51004
-57997
-14997
-357996
-83997
-105997
-164998
-372996
-198002
-378996
-194997
-117996
77001
-393996
65003
-402996
65003
-402997
67997
-420996
68003
-453996
70997
-495997
73992
-546996
76987
-585997
79982
357003
80003
340003
80004
312000
68003
300003
-87997
249002
-285997
-174996
-468996
-507996
-311997
-347996
-537997
-445996
-573996
-487997
426003
-556996
399005
422004
390003
389003
372004
338003
354003
327004
278003
278038
272003
266004
251041
224001
212001
200001
170000
128000
29000
11000
-39999
-88000
-121000
-151000
-181000
-205000
-229000
-231002
-267006
-286006
86765
29813
173009
379981
-15995
229982
-51996
202983
-75995
197003
-108996
143003
-129996
74003
840004
23003
810004
-14996
755998
631004
759004
344961
720004
189001
666004
102002
579004
50979
516004
450004
417003
371000
361000
124004
353001
339999
54004
318996
15004
293001
-17996
276996
-50996
632003
491005
473004
467003
440004
404003
362003
317003
266003
247004
226003
220004
530003
524003
223003
380003
326004
254003
221003
900004
612999
867014
914972
828006
763008
44005
718005
7979
665009
617003
-31018
579009
-51995
558005
517008
888004
493006
855005
491008
804004
470039
453006
442009
-1996
400007
395005
725982
369009
-46996
339005
298008
518004
229005
503004
152009
482004
-5995
895002
884007
440004
886001
293004
873005
862008
284005
855999
826005
562002
788003
763997
475006
717003
316983
263007
436003
105009
415004
72009
320005
988007
287025
215466
899009
155000
851006
113004
816005
71005
-245996
-985994
-316992
-3996
-318991
-249996
-321995
-258995
-323994
-318997
-377996
-327994
-334991
-340993
-357994
-356998
-386990
-404994
-480993
-518994
-616994
-661994
-744992
-771994
-789996
-813997
-841995
-311422
-326410
-350403
-404395
347001
330997
131003
-139997
-145996
-154996
-199997
-271996
-284003
-295996
-476989
421004
374006
332004
278004
218006
194004
170005
152005
146006
140003
119004
113005
92005
74004
35004
-12996
-69996
-160998
-193003
-212999
-239998
-252997
-275003
-304997
-326035
-353995
-408996
462004
423005
270004
327004
258004
387005
240003
339005
234004
30001
12001
-11999
-12000
-26999
-24005
-51000
-90999
-156999
-219999
-279999
567002
501000
483001
477001
477001
471000
465001
441001
423001
360001
339001
300002
265002
256002
245997
-312620
-245996
-266997
-300002
-333001
-372998
-574996
154005
-667996
148004
130004
119006
25013
101004
68005
-14019
5004
-20016
-25996
-87996
-87996
-93993
-102995
-111996
-123996
-150996
-159995
-165995
-171996
-228996
-294995
-316996
-389997
-494996
-548996
-600996
-606994
-636996
-651995
-669996
-681996
-696997
247005
173005
110997
73999
38002
17000
-7998
-44997
-159902
-240998
-300999
-382000
-324999
-379000
-409019
-441999
-477999
-483022
-509998
-549019
-557999
-563999
310001
205001
190979
-232000
-279999
-300999
-327999
-351999
-364000
-310000
-369999
-363999
-400000
-445000
-495999
-532000
-552001
385000
322000
323996
330996
302994
326524
463003
416002
406505
339003
285004
258005
153004
105004
6004
15005
-241995
-295995
530003
494005
482004
476006
478998
467005
449005
431004
428005
519005
410004
350004
323005
290005
372982
254004
375982
251005
378984
242005
360984
224005
203005
173005
98004
95005
53004
34002
18033
-9000
-37002
-80997
-95996
-117000
551003
512012
342064
118001
137001
38000
-42000
-33999
-53999
-74000
-97999
-57000
-12999
-106999
-48028
-131000
-54000
-143994
832000
817000
787000
721001
634000
616000
592000
580001
553001
535001
507999
487001
448001
374991
328995
279998
256999
-368147
407350
178984
-31005
314003
-167997
424982
-186999
371004
-215003
-239000
164003
-253002
154981
-258999
95003
92004
-111996
94997
-168997
86003
-195997
86003
-215996
5003
-230996
-248996
-281996
-293997
240004
-340996
-397997
-427997
-445997
527004
512003
485003
473004
446003
404004
338003
269994
244001
212000
159002
108995
73004
54002
32002
17997
2769
394003
169004
106003
100004
91004
79003
70004
37004
10004
-10997
-73996
-115999
-145999
-157999
-175999
-175999
-212000
-269000
-298999
-350000
575000
549995
517997
461999
395994
374993
323996
289998
285154
287993
286996
267998
74510
147516
426003
418006
333002
280004
300002
267984
285002
173980
261002
120004
526002
237004
207004
177002
431004
75002
410004
200002
236004
54002
188004
36002
185004
182002
21002
179004
3002
176004
-29998
173003
-68997
-131997
-193005
-240004
-266998
-276999
-291997
672996
629999
586998
300003
237004
213004
183003
-89996
-128996
-159996
-153996
-201996
-207996
-258997
-228996
699003
-249997
696004
723004
678003
693004
644004
635004
605003
581004
527004
434004
350000
332000
296001
278000
251001
215000
188000
133991
80999
45994
25998
15999
-49001
-91003
-97002
-133006
-175002
261744
-106801
591004
496005
492002
421004
388005
201003
331004
120003
256004
39003
241004
18003
205005
-26997
187004
-32997
153997
-38996
125002
15002
95001
-95997
90000
-191997
68002
-219997
38998
442003
14001
430003
-20001
420982
-26000
385003
-36998
321981
-51998
250002
-56998
151002
-60000
118002
-69003
487004
55004
22003
-82996
-97997
-106996
-139997
-160023
-104996
-180996
-222997
-270996
642003
543005
513003
510004
489003
459003
424002
376003
351001
340001
323002
258999
275000
249997
226003
216584
591000
545000
494000
425000
389000
365000
-673277
-620018
-618995
-551996
-744996
-602995
-783996
-793021
-798996
-813996
-810996
-834997
-834995
114004
120004
105004
68997
93003
39999
51003
5001
-23996
-16000
-110997
-56999
-209997
-128998
-221996
-178003
-434997
-251997
-650998
-383996
-653997
-467997
-813998
-482996
111002
-488996
105002
-491995
102003
-808998
-69996
74008
-90996
-105996
-132996
-192996
-215994
-251996
-308997
-383996
-398996
-428996
-446994
-488996
-500995
-518997
-533997
-542996
-599996
-638004
-672003
-688997
-727999
226000
202997
199003
197001
195001
173998
150999
127998
48785
9796
-6197
612004
85000
528004
132004
33004
-2998
27003
185004
18003
173004
567003
-2999
36003
-4998
158004
-19999
122003
-25998
80003
-36003
56003
-40270
-58999
14004
-998
-79998
-42997
-81998
-126997
-156996
534004
282007
246003
186003
113004
35003
3004
-44996
-74996
-113996
71004
853003
796003
745004
730004
712003
661003
607003
637003
595004
592004
565003
526004
481004
411001
386007
277998
234996
204997
178999
146999
106000
97000
55001
7000
440000
295999
254000
-260312
-286310
496701
13701
-301997
45003
-319997
999
-347997
-19997
-410997
-72998
-461997
-126996
481004
-153997
403003
-183997
370004
-207996
353004
-240996
329003
-261996
-92997
126002
-95995
-295001
-125996
111004
-137997
-347996
75003
222980
-437996
202003
42003
67004
523004
19004
-50997
-31998
-66996
-31996
-163996
-37997
-190997
-70996
-264399
27003
-309997
27003
-351996
-98997
-390996
-176997
-396996
-281997
556002
-320995
556998
-359997
553003
595003
530002
541002
499002
482003
443002
417999
405000
402998
395999
394999
382003
378998
369002
344999
318995
241002
214003
199002
187004
190630
-352119
-309996
-471993
-324998
-510995
-693998
-366995
-414998
260982
-471998
-174995
-180998
-585997
-615001
-363995
-646003
-707002
-231996
251002
-249995
-294996
212001
-324996
190002
155996
111004
33004
-8997
-80996
-149995
-323996
336001
294004
270004
220004
139004
88003
70004
31005
-10996
-49996
-61996
-73997
-97996
-136996
-193996
-238996
-255998
-294999
-328997
-353000
-395998
-245998
-435001
-450003
-317996
-462994
-339000
-483001
-392999
-491005
-496001
-503006
-558000
412002
367001
-398027
-436999
-499999
431001
380001
380001
333000
300001
243001
-197428
-224995
-251995
-281997
-320996
-332001
-206995
-281996
-425016
-583997
-596002
-595998
-602255
-606999
-616995
-531997
-567996
-603995
-627997
-642996
-648996
-727997
-700995
-715996
170004
116006
56004
26004
-94998
-118996
-85998
-205996
-272980
-356996
-389996
-293996
-347996
-449996
-452994
-473993
-509996
-392995
-521961
-596996
-599996
-623996
-440996
-662996
-680996
-707995
-545940
-731999
199001
-600000
-602999
175001
103000
55001
-16003
-67004
-102002
-155000
-178008
-199005
-214004
-229005
-244001
-257275
-292001
-338999
-405999
-544999
-616999
282002
152678
125001
121977
80001
-20230
-73998
-115999
-124999
-125019
-130999
-136997
-139995
-166999
-175999
-191000
-188026
-230000
-555999
-612999
321998
297999
-93885
-196870
137857
-119131
-286996
359003
402003
297000
369004
271988
321003
246002
241003
222882
181003
189997
157004
159003
121003
144002
112004
124000
110003
-78996
-87997
129003
113898
101003
67003
-1996
-40997
89003
83004
53004
32004
-12997
-36996
-278996
440000
331002
271002
220003
172003
148003
139003
124005
121004
462004
306004
246004
225003
186003
338003
260003
147003
107997
111003
197003
167003
72004
88004
52003
-4997
-38969
-51999
-73001
-126008
-165002
-200003
-241002
-293003
-361002
608999
565999
521000
468000
459000
453001
447000
444000
441001
426000
363001
321000
267000
130938
-138864
-477842
-203995
-534996
-257996
-649997
101004
281003
-57996
232980
-93996
233003
-135997
227003
-162997
197003
-183001
164003
-201001
158003
-217999
141003
-240004
-105016
-300000
-117018
-373999
-140997
-424999
-96998
-447000
-487001
-237997
-554996
-279997
-602996
-312997
328004
310004
-366997
286005
-474997
274004
-571997
265003
-601997
256004
359003
244003
341003
158004
139975
227003
173004
137003
89004
82002
45999
41000
-14004
-49997
-87999
-116999
-160998
-198000
-271997
-305997
-353996
-386997
-401997
-407997
-429996
-477997
-540996
414004
381003
357002
354000
339000
-220212
-247220
180902
-68996
-196006
-164998
-202018
-209998
-217016
-260996
-287998
-228996
143994
-255996
116001
-255996
-273999
81000
-282998
3
-43004
-321996
-107003
-589017
-714998
-144003
-165999
219005
-227998
206984
-395998
123004
81002
-440996
-17998
-497994
-47998
-556995
-616998
-182996
-182998
-658996
287004
-185996
203002
-185996
179002
-157996
-169997
-387999
-181996
-399998
-331996
-391999
-429995
-471998
-389027
-507002
-513996
-557998
-555996
-599003
-562017
-621998
-639000
308985
-647005
309004
340998
306004
318000
305984
279999
285004
242000
252005
201000
228004
219001
150002
112035
198004
57001
176985
-50998
162003
-119994
-173997
-218997
-245997
-263996
-266997
232003
202000
487655
442669
126005
129000
69003
57004
51005
-439997
452005
419005
383004
350006
307003
265003
199004
-185996
157004
127004
58004
-245994
-43995
-67996
-384995
-112995
-163996
567005
-271995
-298996
-340996
486005
-358995
474006
471005
453004
462004
351004
303004
471003
441005
432004
426004
405004
375004
330006
279005
228004
165004
120005
84006
53003
15994
-44007
-100004
-151002
-205001
-291001
580001
472001
361070
352001
340002
322000
313001
-5997
307001
292001
280000
253000
-47999
133004
-74997
10001
-145000
-202000
-128000
-229000
-232017
-240999
368001
383985
386001
347000
359979
323993
326000
332980
287996
293001
299979
282999
75556
-441418
-433407
-59996
-329996
-118030
-59996
-309998
-532997
-348997
-98997
-122997
404004
-132018
-128996
-245997
377003
-284997
365003
-305997
362004
-308997
326003
-321018
290004
-391996
275004
437003
230004
146004
-398018
62004
-409997
5004
426004
-183997
411003
360003
271002
237998
198998
159995
130003
85000
41001
12999
-29998
-69997
-135996
-218996
-299996
-337997
-358995
-412996
-439996
527004
503003
482004
479004
458003
410003
326003
254004
170004
116004
53003
-9995
-72931
-69999
-84999
-111999
-166007
-162998
-223000
-283000
-295000
-324999
-370000
-83999
573998
550998
529999
522995
510997
506996
501996
498000
456998
423999
371995
344993
317993
296005
143766
8826
193004
-2180
213829
611004
100004
175004
145006
-37996
70004
-82996
154003
-103997
-92996
-120002
-242003
-266003
695001
657002
628998
617001
604999
580999
565999
545001
519002
426004
378004
285004
237003
174005
96003
-54997
56003
-24997
-59996
-110997
-143996
-161996
-176996
-197996
784003
772004
721004
661004
512004
526003
488003
445003
346003
346005
238003
229007
193004
123001
128996
107999
100999
85999
78997
66000
52999
41994
33000
18999
-19000
-54002
-105002
834998
710001
691001
655000
595000
550001
517000
496000
475000
415000
322001
262000
247000
240999
-91249
322139
405004
112010
641999
73005
614984
-104995
384003
715004
330003
264003
276979
237002
170982
-2017
197001
-23998
60001
-42992
-9000
459003
564002
260979
396003
234004
249004
201003
-137996
54003
805003
-8996
769004
712003
748004
469013
709003
450983
670003
451004
652004
453997
610004
445003
481997
79002
437002
70003
375998
70003
350002
42003
341998
44997
299998
47992
261002
24003
218997
177002
-50997
116003
838003
-46997
805003
857005
781003
731003
745004
674003
745003
647004
485953
635003
349002
617004
587004
581003
560003
188002
-826406
-805996
-177985
66005
-223017
-8996
-237996
-45996
-753997
47003
-66997
-72996
-39997
-102997
-45997
-138995
-60997
-198997
-66997
-225997
-64024
-246996
-63997
-276997
-69997
-122996
-105997
-167996
-144997
-176996
-145017
-251996
-147997
-347996
-159998
-178018
121999
-330997
116002
-381997
111002
-396997
99000
-394003
71001
-400019
73000
-402997
70001
-429997
61999
-427003
42997
-447997
48001
-453994
24002
-504997
-10998
-609049
-68002
184977
-110999
-16999
-154998
-67997
-280997
-91997
-355996
-91998
-439997
-97997
-496996
-166997
-606997
-240997
-687996
-357995
231004
-399997
141004
-412023
120004
-409029
120003
-409018
105005
-412026
94003
-409020
88004
-453997
138003
-536001
88004
248003
88003
226997
204003
230002
216962
396370
663379
130998
115003
663004
116000
546003
102001
-503996
-923998
-88997
-953997
-118996
-979999
-163996
-47177
-211997
-142996
-211997
-223996
-212017
-301996
-214997
-394996
-597998
-484996
-947994
-574996
-43996
-727996
-77017
-778996
-103997
-520995
-127995
-799000
-178997
-818996
-205997
-827996
-244996
-848997
-444038
-848996
-425028
-866996
-525029
-869996
-567024
-875995
-878997
-876002
-893997
-899996
-533002
-534997
-550000
-775997
-581001
-625998
-657000
-681999
-706999
-728999
-786479
-856996
83004
41004
-39997
-62997
-95996
-143996
-251996
-407997
-443996
-452992
-468000
-489000
-504000
-507000
-246000
-507001
-528000
-536014
-548000
-572000
-602000
-428001
-509000
-556999
155719
137731
119739
-166750
-280996
-458996
434006
-71999
514005
-254999
487005
427002
-397994
394003
234002
-418996
-416004
132004
496982
123002
466971
88002
415976
111002
300985
84002
-382996
487002
515004
-398997
515004
523002
512004
487003
506004
418002
503004
362002
500004
316001
485004
251000
473004
194995
269005
122999
188004
99998
89004
62002
17003
-23997
-65997
-119997
-185996
-276997
609003
547003
387004
297003
240004
222004
210004
195004
165004
156004
150004
147003
138004
129003
508003
449001
411999
403001
400005
388998
264998
208001
111001
27000
-65000
-199000
363000
342000
324000
-244415
-475421
-529429
-603390
-61984
-94997
-216021
-181997
-463995
-328997
-461003
-453997
-465996
-538998
-552995
320002
384005
285004
233984
246002
225004
213002
180003
174003
203990
165002
192004
149995
188983
-62999
153005
-77998
150004
-144998
141005
-142030
-494997
424002
-139034
-144997
337005
349001
-150996
-219997
295005
-264998
217004
133002
-265015
120996
-262021
461002
124006
452002
109004
433979
82005
415980
88004
85003
266002
37004
37003
143005
4004
116445
110003
49004
313001
-183997
112983
-227727
-263996
116982
117003
-287998
108003
-344999
96003
96003
-389998
33003
-431998
520003
-56027
475004
-93033
445000
-19141
29988
398005
44002
18007
-133034
-56995
445001
-107995
44002
-90995
753002
-140995
11002
753004
753002
-152995
-28998
746984
-152998
747004
-152999
743983
741003
-149998
163997
726005
709008
158000
661003
144001
652003
138000
633980
80996
560919
-58997
815004
794004
766998
770003
767004
725003
644003
582003
522003
453004
701004
381003
345004
644004
306004
237003
161003
116003
98003
92003
80004
75003
66004
30004
6003
233003
-17996
536002
429002
464002
425004
384000
361999
307998
281000
212001
130000
58000
959000
923000
854000
770000
737000
710000
653001
626000
572000
520999
472932
539048
514003
536006
-78993
-166998
-54995
-205996
722004
-232997
545004
518003
332005
275004
203004
125004
83004
83004
56003
-996
593982
402001
381003
342004
264004
195003
177003
168003
159003
39003
36004
36004
33003
35999
38993
41985
45003
47997
6004
-82997
-148997
806005
758004
728003
724008
706004
646003
643003
601003
574004
562002
508003
409002
331004
333973
319000
313000
304000
288980
283000
160000
37965
-99022
725957
489987
486994
490000
492989
501999
475001
367000
280000
274001
276960
279955
271000
273973
267999
256000
243999
250000
-614203
106809
76816
-514636
-406626
368006
143003
-501998
-558996
-51997
-610997
-138996
255004
194006
131006
80004
-152947
-173956
-227951
-451010
-512005
162033
165025
177029
54031
-47972
-113999
-137972
-143976
-149974
-179966
-254976
-260973
-257999
-257973
-263974
-326991
-324959
-321981
-330981
-357978
-415979
516001
496019
359994
441032
242005
204005
191058
189001
366975
191002
165005
349002
163983
162006
349001
535003
97005
49003
24004
-175995
-184998
-263995
-323998
-361996
-384995
-383003
-388015
-399998
-398003
579006
509003
507006
435002
431003
431999
418983
279005
-189172
-568117
-263911
-294996
-489089
-543064
21003
-418996
-617997
-514996
-553996
-509997
-562996
-663997
-577996
216003
-586996
4
-604996
-49025
-629997
-59039
-713996
-56048
-737997
-85030
-749996
-113033
242001
-194027
57002
-284031
24004
-357000
-163999
-392997
-193997
-443997
-304996
-473996
-295996
-491997
-328998
-515997
-364997
-585997
-381998
-661027
-438995
-702997
-504996
141003
-555996
117003
109004
64003
13004
-37997
-35025
-32030
-29035
-29019
-32018
-32017
-29022
-29020
-226996
-582997
-585997
-594997
-609997
-645996
279004
273005
270003
267003
261003
249001
134975
-517000
-631000
348000
345001
342001
327001
312001
303001
192000
192000
192001
183000
183000
185995
188001
-142000
-414999
-414999
-425004
-430999
-473000
-503000
-503000
-512000
-520999
294966
127980
-88999
-41001
-122000
-146000
-353000
-431000
-431000
-428007
-428000
-428000
-427999
-431000
-437000
-446000
-225242
-342996
-633033
268976
191968
33002
33003
15003
15003
12004
14997
9003
3003
3
-167997
-224997
-257996
-281997
-368997
-467995
-467997
Finished!
