./client 192.168.0.15 7000 90 1021 100
Creating message of size 90
...Complete!
379
293
175
159
3001
3003
2077
5991
5996
3002
8985
5989
8993
280
294
11982
7988
11984
10016
12975
3004
7906
2947
3406
15970
5998
5971
8980
8915
9604
21961
11943
11992
24958
13607
14928
27966
17976
17090
20961
20830
23934
24458
26964
686
690
743
760
789
29931
2940
4598
32968
35953
8455
3004
38957
12370
5920
41948
8918
16085
44973
11929
19795
47994
14984
50940
23447
17992
53989
27228
20938
56985
23844
3003
33878
26961
5996
36927
29869
8992
39914
32981
11987
42918
35889
14981
45910
38821
17852
41965
20911
44951
23883
47933
26892
50957
29972
60946
53926
32962
63975
56851
35901
66955
59915
38967
69963
62943
41879
72979
65948
44897
75942
68885
47825
78972
71990
50929
81865
74864
53784
84988
77860
56977
87984
80826
59944
90993
83855
62934
93861
86830
65821
89996
96961
68856
99952
92879
71840
102997
95909
74835
98968
105970
77739
108851
101836
80812
111856
104903
83849
115003
107976
86866
117837
110899
89861
120842
113893
92807
123829
116874
95816
126834
119841
-901252
-870153
-877184
-898228
-867173
-895169
-864192
-892201
-861183
-889247
-858178
-886283
-855187
-883296
-882042
-879112
-876046
-873126
-870130
-867059
-864093
-861085
-858051
-855080
-852268
-849132
-846260
-843227
-840267
-837223
-834078
-831279
-828276
-825199
-822245
-819214
-816210
-813240
-810235
-807284
-804295
-801291
-741034
-738080
-735059
-732052
-729043
-726075
-723046
-720026
-717038
-714017
-711022
-708063
882600
768
482
770712
770787
896308
896314
3657
773815
885830
898993
776871
888819
6655
901989
9708
779866
891820
904984
782901
12704
895008
905003
789002
15690
898002
907998
18694
794995
900997
910993
21646
798002
903992
913988
906982
794936
24647
916983
909977
27991
797966
919980
912971
30686
800951
922974
915967
803966
33838
925970
36699
806976
918967
928965
921957
39986
809991
931960
42981
812941
924958
934956
927947
45976
815956
937952
930943
818996
48977
929004
933939
821778
52007
931998
936934
824819
54830
934993
57816
960996
827986
937988
964001
60812
830998
966991
63806
833768
964002
66801
836835
839970
966998
69802
843001
969991
72797
970002
845768
75792
972994
78966
848891
975990
81962
851845
-145105
-21015
-915213
-912224
-142156
-18015
-27071
-139139
-909223
-24077
-906232
-136115
-133165
-21081
-903038
-900178
-18086
-900232
-15092
-127074
-897237
-124192
-894247
-12090
-9100
-891252
-121171
-888257
-6105
-118206
-3109
-115150
-885259
-114
-882266
-112252
-109080
2881
-879313
5876
-876323
-106212
-873329
8872
-103084
-100069
11867
-870327
-97228
-867268
14862
17852
-864276
-94079
20847
-861279
14862
23843
-858282
26839
-855046
-852052
29836
-849055
-846063
-843068
-840072
-837077
-834081
-831086
-828090
-825095
-822099
-819103
-816107
-813111
-810115
-807119
-804124
-801128
-798131
-795137
-792141
-789144
-786150
-783154
-780158
-777162
-774167
47992
48000
50994
53046
53245
54004
56978
59982
48111
62972
49010
65831
68855
71826
74841
77850
80836
83823
86902
89929
92944
95898
98818
101781
104892
107844
110920
113939
116878
119861
122923
125914
128812
131807
134933
137798
140882
143786
146888
149803
152866
155949
158908
161791
164873
162005
159004
161953
164998
167992
170987
173973
176982
179977
182958
185925
188939
191959
194964
197914
200935
203930
206944
209897
212902
215892
218908
221921
4026
905
4548
7542
9996
12850
15646
18696
21990
25020
27628
30824
34508
37534
40456
42632
46327
49270
52527
54682
58543
60819
63869
66972
70126
72677
84004
76492
79502
81887
85142
88439
90880
93980
97474
100034
103195
106333
109424
111875
114636
118446
121278
124224
126730
130488
133188
135736
138827
142447
144693
148479
151289
154182
157289
160500
162829
166169
168833
172288
174982
178128
180737
183971
187279
190426
192675
196459
198685
202179
204733
208136
211118
214547
217320
218670
222449
225143
227719
231045
234515
237480
240334
242840
161294
158303
143311
137340
185400
185092
246041
187838
248640
190689
252217
145996
193681
254889
196718
258295
199704
261154
202896
149003
264196
205827
151997
267028
208959
152004
270341
211552
140004
272762
214953
143000
275894
217682
145994
279065
220845
148988
282553
223831
151989
285315
226785
154858
287652
229638
157815
290713
160876
232909
294071
235817
163974
297228
238642
166790
300416
241673
169968
302862
172930
244764
306017
247663
175883
308768
250980
178943
311917
181915
253768
256583
184892
259598
187750
262712
190775
265866
193765
268770
196853
271744
199740
274722
202868
277633
205843
280963
208888
283850
211981
286881
214928
289949
217948
292801
220938
295968
223923
298790
226898
301870
229838
304886
232827
307939
235811
310841
238863
241778
313610
316569
244873
319708
247745
250793
322783
-746232
-674137
-671084
-743179
-668056
-740042
-737244
-665374
-664191
-734218
-661384
-731198
-658068
-728156
-655453
-725096
-652017
-722203
-649333
-719171
-646428
-643304
-640423
-637343
-634226
-631348
-628147
-625091
-622126
-619180
-616389
-613101
-610408
-607309
-604444
-601413
-598263
-595378
-592253
-589268
-586458
-583438
-580111
-577190
-574205
-571011
-568353
-565272
-562073
-559246
-556027
-553463
-550001
-547468
-544473
-541478
-547000
-541005
-553000
-553000
151991
151915
151913
151974
151771
Finished!
